49 1 101 1 1 14 1 14 10 8 8
68 38 68 69
68 69 3 111
64 69 38 3
16
14 29 45 14 8 8 8 8 8
3 60 57 58
79 80 67 98
38 65 3
64 3 69 58 77 115 42 121
6 79 94
40 36 37 97 138 84
29 49 88 91
40 36
95 86 57 38
1 125 2 88
49 109 1 88 127 29 101 1
40 36 138 134 97
58 88 57 57
2 49 88 91 1 14 1 14 1 83 8
64 26 69 95 48 89 38 87
16
26 64 69 38
48 64 69 95
29 2 101
49 17 48 58 88 25
46 3
64 26 69 48 48 3 60
16 75 36 46 40 134 135 25 97
22 59 94 71 53
3
6 98 27
48 64 3 69
42
48 64 95 69 3 65
64 77 38 69
6 70
22 70 67 98 94 71
19 3
65 1 91 101
40 36 135 37 25
48 49 88 92
49 29 91 1
64 69
6 70 67 79
48 3 112 64
64 26 69 95 121 3
119 48 75 92
64 26 69 95 3 58
57 86 83
95 89 77 3
16 36
22 59 103 94
40 36
35 40
70
64 50 69 88 58 1 86 112
48 64 95 69 108 64 69
58
49 29 88 1 45 1 91 101
8 8
64 58 69 95 3 121
8
6 70 71 98 114 67 27 94
6 53 98 27 103 107
1 49
64 69 38 26
36 46
17 58
50 8 91 8 10 8 8 8 8
48 49 112 88
36 25 37 40 46 35 84 97 90 97 134
70 79 22
40 36 25 135 97 134
48 89 26 65
88 112
64 26 89 38
91 49 88 1 123 1 1 101
14 45 14 8 8 8 8
2 29 88 1 1 14 8 8
64 3 83 69 115 42 19 38
64 60
22 27 53 71
48
16 6 70 27 103 98 130
40 90 84
6 53 27 98 94 107
80 98 79
49 29 101 45 1 91 1 88 1 123 1 14
38 64 89 95 69 65 48 26
65 69 60
58 97 84 25 35 75
64 3 95 19 89 77
53
22 59 103
58 77
36 134 97
16 40 36 90 25 97 46 35 84
3 60 89
6 70 79 22 7
58 77 19 42
64 77 38 69
89
50 19 77 45
64 69 95 89 38 60
64 1 89
70 67 6 59 79 114 107 27 22 53 98 4
6 70 79 27 67 22 114 71 130
64 26 69 95 108 38 89 58
50 14 1 14 10 8 91 8 10 8 8 10
36 97 46 40 135 25 37
40 35 84 58
57 49 57 88
97 36 35 40 25 84 90 37
60 65 69 48
8 8 8 8 8
3 64 95 89 19 48 26 69
64 26 69 95
119 64 95 89
6
37 97
16
64 26 69 95 65 38
36 40 97 90 25 135 84 37
40 36 97 90 35 26 84
64 48 89 95 64 26 69 77 65
40 36 97 37 84
6 27 71
29 48 88 1 49 58 109 60 1 121
42 38
64 69 48
64 48 26 89
26 64 69 38
89 58 19 57
69 64 38 3
48 64 92 69 88 86 58 119
6 67 53 80 130 70
36 35 37 16
40 36
29 91 101 1
2 1 3
27 79 71 103 70 6 130 67
69 77 65 19
36 40 97 37 135 25 84 46
64 26 69 95 65 38
60 50
95 64 108 38 127 69
16
65 48
50 42
17 77 109 112 58 89 136
64 48 77 89 69 119 3 58
8 8 8 8
65 38 57 89
67 7 53 6 94 80 79 107 70 27 98 103
77 58 65 19
48 64 69 95 108 64 26
67 6 80 27 70 79 22 53 94 4 98
64 40 90 97 35 26 84 25 135 138
49 58 2 101
64 69 95 113 3 38
36 46 37 97 40 90 25 84 135
46 36 16 25 40 90 35 84 134 97
64 48 92 69
29 110 129 136 88
77 64 69 38
112 48 119 58
14 1 1 8 10 8 8 8
36 90 97 135 25 134
79
69 64 77 48 3 58
57 65
49 58 88 86 29 101 10
60 19 65 58
64 26 95 69 38 3
64 48 69 86 86 88 119 58
40 36 58 97 25 84 35 126
36 40 64 89 19 69 121 77 38 60
3 64 69 58 60 19 108 121
40 77 97 135 134 25
36 46 37
64 26
98 79 27 107 22 6 67 80
64 119 95 69
7 6 27 79 70 67 80 98 22 53 130 4
6 59 16 67 80 79 94 27 107 70 53 22
70
7 53 67 6 27 94 79 80 98 22 70
19 65 60 89 38 26
119 64 69 95
70 6 53 80 98 79 94 107 103
69 64 95 89 38 60
129 110 29 136 88
64 26 95 89 109 69 60 69 37
6 98 70 27 53 67 114 4 22 130
17 64 95 69 58 89 26 49
36 135 25 16
64 69 48 89
50 60
67 6 70 71 79 27 103 53 114 22 4
64 65 69 89 109 48 115 1
64 89 19 69 58 48 95 65
6 79
29 49 88 91 1 1 1 101 1 14 14 91
6 67 94 79 70 107 53 27 71 114
4 59 53
60 3 69 19
22 53 67 4 80
79 6
64 77 69 95
64 48 95 69
42 19
90 36 46 40 75 35 134 97 84
38 64 69 95 26 19 89 58
8 8 91 8 8 8 8 8
50 57 58 45
3 64 69 58
36 16 40 35 46 97 90 135 134 25 97
26 64
79 107
64 26 89 95
64 26 64
22 27 80 71 70
1 14 91 14 8 8
64 48 26 89
36 40 37 97 35 90 84 135 25
64 69 95 42
8
64 3 60 69 48 77 38 121
19 65 108 69
70 5 27 22 71 79
60 95
64 48
6 80 79
70 98 79 67 114 4
69 64 95 89
65 3
42 68
98 6 67 130 103
36 37 40 97 134
8 8 8 8 8 8
19 65 108 58
64 26 95 69
27 103 67 22
48
64 26 69 95
3 64 48 38
110 64 86 113 1 77 38 2 1
6 67 98 80 79
42 19 89
114 70 98 27 67
1 49 88 86 1 29 101 1
29 123 88 91
67 53 114
26 64 95 69 3 121 38 60
64 26 69 95 19 3 38 89
79 70 67 98
36 134 25 97 135 37
48 64 38 69
48 64
70 6 80 79 94
64 77 69 65 38
6 80 98 27
98 7 27
6 114 70 67 27 94
36 16 46 40
40 36 25 37 135
109 119 75
64 3 77 48 58 38
36 40 25 135 97 134
16
36 40 138 134 97
46
69 64 19 60 115 38 48 89
70 59 94
26 64 89 19 77 48 69 57
35 36 37
79 27
19 64 77 69 3 38
64 26 19 69 38 89 60 1
6 70
64 48 3 69 60 26
119 65 10
65 49 42 69 49 29 117 88 1 77 38 101
26 64 95 69 38 65
3 60 69 65
64 26 95 69 3 69
57 60 88 19
14 1 14 45 8 8 8 8
36 35 135 97 25 134
26 64 19 69 95 38
64 77 3 69
64 95
45 88 58
64 26
38 48 3
26 64 69 48
64 48 38 3
64 77 69 95
64 48 69 95
98 6 67 79
77 58 48 19
6 67 27 80 79 70 22 53 4 71 94
64 95 26 69
64 77 69 38
36
64 69 38 26
60
22 53 67 103 4
64 26 77 69 95 38 60 89
19
69 64 58 77 109 127 38 89
60 3 45 69
8 8 8 8 86 8 8
26 64 69 3
3 19
6 70 71
98 6 27 71 114 70 79 67 94
22 67 80 70 4
22 27 80 71 107 4
36 46 97 37 40 90 84 25 135
26 64
65 64
69 64 26 89
49 29 88 1 1 123 1 91
6 98 80 70 27 94
64 48 95 69
89 77 60
40 36 16 97 90 35 25 84 46
65 38
38 29 101 1 1 14 8 8
67 6 79 130 103 94
64 48 58 69 65 3
6 70 98 67 79
25 135 36 46
14 1 14 91 8 8 8
26 64
26 64 69 77 38 89
6 67 79 27 107 70 53 22 94 114 4
36 40 37 135 25
48 64
89 64 38 95 69
69 64 58 77 121 127
40 46 97
49 58 88 101 127 29 2 1
60 58 86
49 109 88 1 29 1 2 1
58 64 19 95 69 38 89 92
64 48 108 38 3 69
22 53 94 80 70 79
59
70 71 98 27 114 67
64 108 48 89 69 58
27 6 79 70 103 22 53 80 67 4
95 77 19 65
92 58 88
60
49 64 2 101
16
98
3 19
64 48 108 69 3
1 1 119 35 3 46 10
58 48
64 95
119 64 69 95
119 64 95 89
36 40 135 134 97 25
70 6
36 37 46 90 40 97 134 84
46 36 97 90 64 37 64 40 60 25 119 121 84 58
1 88 1 14 1 86 14 8 8
48 64 69 38
36
64 69
50 1 45
64 58 77 64 69 95
79 80 107 6 53 98 67 103
64 48 69 112 48
69 65 48 60 19 48
38 64 95 69 26 65 19 89
98 27 79 70
36 40 97 37 90 35 135 25 84
36 35 97 135 134 25
64 26 95 69 38 3
22
64 3 89 95 69 19 46 26
110 64 69 113 3 95 89
40 84 90 25
64 26 69 38
70 6 67 71 79 80 94 103
59 67
46 25 35 97 84 40
6 67 80 27 70 22 53 94 71 79
6 79
58 89 48 19
35 97 90 84
3 58 19 69 60 112
25 36 135
67 70 80 98 107 53 22 94
8 8
26 19 89 86
17 49 88 1 1 29 58 64 48
64 58 65 69 3 37
48 64 95 69 38 58
98 79 27 103
77 57 19 3
95 64 38 60 69 3 121
49 109 48 29 121 88 1
38 17 26 19
58 64 89 92
36
19 60 99
64 26 19 69 38 3
70 79 98
6 70 67 98
64 69 108 19 26 77 109 89
26 64
40 36 37 25 90 119 58 84
40 36 90 97 26 35 84
49 64 42 88
70 59 27 80 79 53 4
70 6 71
26 64 95 69
95 58 48 19
79 103
36 135 25
53 4 71
53 6 79 98 27 70 22 67 94 114 4
38 65
89 69 69 48
79 94 27 103 6 67 71 130 107 4
97 36 134 37
36 75 16 40 37
6 7 98
64 29 88 83
64 58 88 69 1 86 109 68 111
48 64 112 119 3
48 64 69 95
38 64 69 108 26 19 109 89
59 4 94
64 69 64 95
3 89 26 77 121
79 107
64 69 52 13
58 3 48 69 112 60
79 103
19 64
64 26 69 95 3 58 38 89
6 114 98 71
27 103 22 80 114
29 49 88 91 1 91 1 101 1 14 91
29 49 2 101
64 58 69 3
48 64 69 38
64 26 69 95 89 19 108 121
6 16 59 27 70
59 53 94 98 70 22
26 64 89 95 69 60 121 119
25 135 36 46 37
50 26 58 69
16
6 67 79 94 27 70 98 71 114
48 64 38 69
16 36 135 25 97 134
22 5 94
70 80 79 22 98 4 103 53
7 79 6 70 53 22 71 80 4 103 67
64 95 48 69 64 113 38 3 129 110 136 57
2 29 1 88 14 110 1 14 129 110 8 8
14 1 1 14 10 8 8 8 8
69 64 64 89 38 64 26 60 95 108
58 49 88 101
3 38
58 115 77 112
65
109 91 1 88 1 29 1 57
98 7 79 4
26 64 38 89
69 65 48 58 19 26
42 19 89 95
69 64 95 89 86 60
40 36 134 135 97 25
64 58 95 69 89 19 48 26
3 19 108 87
57 83 68 3 111
49 60 88 1 29 1 101 1 109 1 1 125
6 22
55 90
64 19 69 95 3 38
64 65 69 88 58 19 68 111
64 48 89 38
26 64 95 89
60 69 3 19
6
60 1 10
86 95 89 38
37
65 60
3 48 69 64
27 79 53 70 22 80 4 107 4
6 80
53 6 114 98 6 7
69 64 112 89 121 3
79 70 103 27
64 69 38 26
27 53 67 4
64 69 89 42 3 77
26 64 69 77 109 123 89 38
38 60 48 95
65 64 69 95
67 59 94 103 79 4
48 64 38 108 3 69
69 64 77 19 26 109 95 89
38 29 48 101 14 1 14 1 8 8
64 26 69 65
37 84 75
26 64 95 69 38 64 127
64 69 89 42 83
48 69 64 95 89 77 38 57
26 64 95 89 48 69
64 26
64 69 48 38 58
6 70 71 103 67 94
103 67 53 70 98 4
64 48 95 89
64 69 26 69
36
79 98 114 27 103
26 64 69 38
36 40 37 97 84 135 25
64 19 60 69 77 95 89 108
36 90 75 40 37
3 69 48
26 64 95 69
79 98 103 27 6 67 130 80 71 4 94
79 27 107 6 98 130 67 94
98 79
16 6 79
48 64 89 95
36 25 40 46 97 84 58 37
26 64 69 48 48 3
64 48 89 38
38 64 89 60 77 69 95 108
3 64 112 69 26 57 38 48
1 60 88 3
64 60
38 1 45 45
97 36 40 37 46 35 25 84
64 26 69 95
64
98 79 103 94
3 38
64 77 3 64
8 8
77 69 19 65
36 16 37 40 46 35 84 25 90
64 26 112 69 48 3 60 38
98 79 27
60 89 19
1 14 1 14 8 8 8 8 8
79 27
64 26 69 95 38 65
70 6 114 27 71 130
64 26 69 95 3 38
6 27 103 70 67 107
64 26 69 60 89 37
16 36 25 97 135 134
101 86
26 64 69 38
69 64 89 48
35 58 48
64 95 69 19 38 26 3
6 7 70 79 27
64 95 38 65 69 3 48 26
134 36 97
6 70 27 98 67 103
69 64 112 115 89 121
6 79
8 8 8 86 8
79 98 27 6 53 7 67 70 80 71 4 94
67 70 6 79 59 71 107 98 114 130 4 27
49 91 1 101 123 29 88 1 10
53 22 60 4 27 71 21
64 58 19 115 69 38 121 3
119 49 88 58
79
64 48 89 69
103
46 36 90 25 75 40 84 37
26 64 69 95 58 3 69 95 48 69
26 64 95 19 69 38 58 3
6 27 22
64 48 89 38
58 95 19 87
79
64 69 26 3
79 98 103 107
26 64 95 69
64 69 38 65 37
48 64 95 69
60 64 65 112
16
64 77 69 38
64 48 69 58 60 19 3 26
8 50 8 10 8 8 10 8 8
119 64 95 89
8 83 8 10 8 8 8 8
48 64 95 69
36 16
64 3 26 69
6
6 70 98
49 64 58 48 127 77
69 64 92 38
64 26
8 8
25 36
58 64 89 95
36 46 90 25 37 40 35 84
70 94 107 22 4
16 36 135 46 25
64 26 95 69
48 64 95 69 3 58
67 7 6 80 94 79 70 107 53 4 59
64 26 89 69
64 26 69 89
109 29 91 88
64 69
6 71
84 25 26 40
64 69
17 38 60 48
64 3 89 95 69 60 121 26
6
58 86
79 27 6 98 130 71 94
64 19
69 19
36 35 135 25 37
53 79 22 98 27 70
16
26 64
16 36 90 25 35 40 97 84 46
64 26 89 38
8 8 8 8 10 8 8
64 95 19 69 121 119 38 3
64 26 69 95 38 3
45 29 101 83 49 91 1 88 14 1 1 14
6 80 79 103 27
58 29 88 1 64 49 1 101
1 49 91 101 1 14 14 1 8 8
36 25 135
95 64 48 64 69 89
35 36 37 46
27 103 98 67
59 53
48 3 89
3 64 19 95 48 3
64 48 69 95 26 3 60 58
26 64 95 89
64 3 69 95 112 58
64 69
40 36 37 135 25
49 1 45 101 45 14 14 1 8 8 10
95 64 69 65 48 26 38 89
36 46 84 25 40 48 97
69 64 89 95 60 38
53 94 27 67 98 79 103 4 22 114
103 27
6 27 94
3 64 95 69 38
29 38
77 64 89 69
16 6 79 98 70 71 4 107 67 130
64 26 69 95 89 38
114 6 70 67 71 103
98 130
95 26
26 64 69 95
64 48 89 38
36 40 134 97 138
69 60 83 58 109
6 79 103
40 36 90 25 35 46 90 84 37
65 64 69 77 109 3 38 136
19 3 58
119 77 46 58
48 3
79
36 40 135 97 134 25
64 69 89 77 95 38 115 60
79 94 80 70 107 27 67 71 103
65 38
64 95 64 26
90 16 36 40 46
49 109 101 2 10
64 48 77 110 3 129
26 64 69 95 65 38
25 36 40 97 134
6 67
114 70 98 27 67 79
3 64 89 95 69 65 48 26
36 46 97 37 40 90 84 135 25
49 60 88 1 29 1 1 64 29 1 101 1 1
67 79 103 94
6 79 94 103
64 58 38 69
64 48 3 69
67 79
64 26 95 69
64 29 77 109 69 42 38 3 1
64 69 3 65
48 64 89 92
36 97 40 46 35 90 84 135 25
64 3 38 48
69 64
64 69 48 95 89 38
65 38
64 26 69 89
6 67 80 79 27 53 70 71 107 4 103
38 60 77 95
69 64 95 113 3 77
53 80 70 67 27 4 114 79
58 8 8 86 8 8 8
79
64 38 95 89 108 65 64 69 26
65 38
6 7 67 80
48 64 95 69 3 38
53 22 71 4
29 45 45 14 1 1 14 8 8
7 6 27 40 53 71 114 79
1 14 1 14 10 1 8 8 8 8
70 22 80 27 4
26 64
64 89 65 64
59 67
22 53
70 6 27 71
6 79 94
35 119 135 58 25
67 79
36 40 97 134 25 135
64 26 95 69 89 38
95 64 69 65 3 26 38 57
7 6 79 67
79
79 98
64 26 69 95 3 38
26 64 95 69 38 3
64
58 49 88 1 127 64 1 101
75 36 16 37 40 46 35 84 25
64 49 91 88
8 8 8
58 36
64
77 86 69 38
65 77 3 112
64 26 95 69 48 89
84 25 40
46 36 97 37 35 26 84
16
6 71 114 67
16 15 33
64 26 95 69 89 127
69 64 65 48 77 3 58
3 19 65 58
7 6 80 79 67 53 98 70 27 4
35 97 84
8 91 8 8 8 8 8 8 8
77 69 19 3
35 48 58
6
6 79
119 64 95 69
37
55 46 84 97
64 60 89 92 58 1 86
64 3 69 112
75 36 16 135 25 37 46
64 26 69 19 3 58
26 50 69
5 22 103
19 64 69 95 89 60 119 121
26 64 69 19 89 38 3 87
48 64 38 89
70 59
1 49 65 88
98 6 27 79 114 67 130 71 94 103
69 60 77
36 16 37
40 36 97 135 134 25
7 79
3 64 69 77 60 38 1 57
26 50 3 109
77 64 69 95
46 40 36 35 25 134 135 97
60 1 88
60 19 48 65
67 6 94 79 27 70 22 53 71 114 4
16
64 26 69 95 89 38
29 123 88 1
64 17 69 95 26 19 89 48
36 135 25
38 49 60 88 29 101 1 127 1
6 79 98 67
64 95 38 26 69
6 53 67 70 79 27
64
6 7
69 64
65 64
6 79 103
27 79 94 103
67 80 107 114 53 103
17 64 48 69 58 1 89 77
64 19 3 38
98 27
40 36 37 135 25
65 1
36 37
69 64 95 48 3 38
16 79 94 6 27 107 70 67 80 71 114 103
77 92 89 19
84 97
65 64 69 88 1 110 86 1 49 29 38 101
64 95 69 48 38 3
36 46 97 90 40 75 97 84
79 27 107 114 70 6
40 36 97 37 84
64 3
119 64 69 95
27 22 67 80
69 77 65 19
7 6 79 103 22 70 114 27 53 71 67 4
36 46 25 90
26 64 48 69
69 64 77 1 109 3 60 38
6 7 114 80 27 103 22 53 98 71 107 4
3 64 42 69 119 123
64 26 19 69 38 3 95 1
65 60
36 16 134 135 97 25 37 46
8 8
69 64 89 95 48 58 60 113
26 64 69 95 19 89 3 48
59 98 80 107 70 67 53 4
8 8
26 64 95 69 3 38
49 129 110 101 136
48 64 69 38
64 3 69 95 60 42 19 38
42
48 64 89 38
27 103 107 70 6 79 67
26 64 69 95 108 38 127 89
64 69 89 26
69 64 89 95
48 64 19 69 95 38
64 77 69 89
48 64 69 19 3 121 49 58
3 64 42 69 38 83
40 36 90 97 25 84 35 75
69 64 89 95 26 127 95 38
65 19 108 69
48 64 3 69 92
64 26 69 95 3 121
7 16 6 79 70 27 67 22 71 114 103 53 4
36
77 64 3 38
70 98 107
64 26 69 95
3 38 60 109
2 49 29 101 88 10 91 1 1 115 10 1 14 14 83 10
36 40 97 134 135 25
22 70 80 94
36 40 25 97 135 134
1 14 14 1 8 8
60 19 42 65
65 29
64 65 19 69 95 38 89 57
64 48 69 95
77 58 38 19
67 80 27 53 59 4 22 98 94
22 27 71 94 79 70 67
67 71 107 98 114 53
48 64 69 65
26 64 89 38
64 69 26 89
26 64 95 69 3 121
36 37 119 46
58 64 69 19 38 3
64 3 95 69
6 79
70 67
19 3 65 58
29 77 88 38
26 60 108 65
69 58 3
40
40 17 84
79 6 98 67 71 94 103
59
6 98 71 67
79 98 107 103
60 89 65 19
48 64 69 95
36 40 97 138 134
36 40 84 90 58
16
64 95 45 69 65 38 26 3
64 48 69 95 89 38 3
37 36
60 3 95 69 65 110
26 64 95 69
15 16 46 36 90 25 40 75 134 84 97
64 77 69 38
64 69 19 77
38 64 95 89 48 69 64 3 26
64 26 69 95
36 40 97 37 89 84
60 95 65 48
98 6 79 70 53 67 22 71 114 80
64 48 58 69 3 92
70 98 27 107 103 114 71
64 119 69 38
22 67 71
67 79
69 64 38 26 48 58 3 60
8 10 8 10 8
60
79 27
64 65 69 19 38 95 89 1
83 58 57 3
67 6 70 53 70 27
57 77
36 16 134 97 135 25 46
98 6 71 103 114 70 27 94
29 50 1 14
36
8 8
64 69 26 3
64 58
1 1 35 109 46 86
109 38
64 69 89 95
64 26 48 69 3 58
26 64 69 48 3 58
16 25 90 106 40 35 97 37
64 69 115 89 77 119 121 42
36
7 70 6 71 79 98 114 94 103
64 26 69 95 3 38
64 48 38 69
26 64 69 38
8
64 77 65 69 37
64 3 69 60 19 48 26 121
86 60 89 38
7 6 98
48 64 69 86
64 26 95 69 48 3
40 36 97 58 135 84 25 75 37 46
108 19 109 26
59 53 71 94 70 22
27 79 71
75 36 16 37 40 35 46 25 84
38 42 58 3
98 6 67 27 94 103
67 6 79 80 4
27 53 6 79 16 70 103 107 22 67 4 114
64 119 69 89
60
26 64
113
