13656173
13626741
14126173
13602485
13695208
13640708
14064036
13974248
13617700
13648808
13665016
13656397
13655270
14125743
14130356
13974223
13665081
13635367
13875567
13663064
13654895
13978256
14126444
13620512
13657531
13601392
13613286
14011166
14498735
13878330
14125992
13652649
13649946
13944162
13976385
13643104
13652593
13951519
13659435
13667435
13665098
13652676
14480788
13664454
13977440
13635938
13646404
13665514
13668426
13623263
13666562
13639488
13622623
13667855
14129911
13656294
14021351
13627201
13636231
13662634
13627475
13975787
13617985
13950867
13654901
13623277
13646463
13644360
13652635
13652163
13951276
13646421
14129907
14047415
13657459
13975004
13657414
13672110
13612955
13636234
13944102
13703422
14126802
13655249
13656104
13656094
13626870
13977725
13601440
13656431
13980077
13976619
13655245
14126124
13973422
13655357
13659122
13647669
13950615
13623027
13639548
13636886
13640460
13622938
13876472
13951508
13664929
13620798
13952279
13627476
13734761
13637521
13669401
13635531
13657409
13656208
13950536
13644474
13667397
13639720
13872723
13878383
13877925
13656348
13652586
13754541
13872738
13950694
14132076
13605295
13609390
13703328
14132473
13878300
13652682
13618278
13657939
13876448
