10001
10002
10004
10006
10011
10013
10015
10019
10020
10024
10026
10032
10033
10034
10036
10038
10040
10042
10043
10049
10052
10053
10054
10055
10061
10062
10063
10064
10065
10066
10071
10074
10075
10076
10077
10078
10085
10086
10088
10089
10091
10092
10093
10094
10095
10097
10098
10101
10104
10110
10121
10122
10133
10134
10135
10137
10138
10139
10140
10145
10151
10160
10162
10163
10164
10165
10166
10167
10168
10169
10174
10175
10176
10177
10178
10181
10182
10186
10187
10190
10191
10194
10195
10198
10210
10211
10213
10218
10219
10222
10226
10227
10228
10229
10230
10231
10234
10235
10236
10248
10251
10253
10254
10258
10259
10260
10261
10262
10267
10272
10273
10274
10275
10278
10282
10283
10285
10293
10295
10296
10301
10303
10308
10311
10316
10321
10334
10335
10336
10338
10347
10348
10350
10355
10356
10361
10362
10363
10364
10366
10371
10373
10374
10382
10384
10390
10398
10399
10403
10405
10408
10409
10411
10414
10416
10418
10421
10423
10428
10438
10439
10443
10446
10455
10456
10459
10460
10461
10469
10472
10473
10476
10479
10480
10481
10482
10483
10484
10489
10493
10495
10496
10499
10504
10511
10514
10515
10516
10517
10519
10520
10522
10523
10525
10526
10529
10530
10532
10533
10534
10535
10542
10543
10544
10546
10552
10560
10569
10573
10576
10577
10582
10584
10587
10588
10589
10591
10592
10593
10594
10595
10596
10598
10599
10600
10603
10614
10615
10616
10617
10618
10624
10638
10644
10647
10648
10650
10652
10653
10654
10655
10656
10657
10658
10662
10663
10664
10667
10668
10669
10671
10672
10673
10674
10675
10678
10681
10686
10687
10688
10689
10691
10692
10696
10697
10700
10703
10707
10709
10712
10713
10714
10719
10722
10724
10726
10727
10728
10732
10733
10734
10735
10740
10741
10742
10744
10745
10746
10750
10752
10753
10755
10757
10758
10761
10762
10763
10767
10769
10770
10774
10775
10778
10779
10782
10783
10784
10785
10787
10788
10789
10791
10793
10797
10799
10800
10801
10802
10803
10804
10807
10808
10809
10810
10811
10817
10819
10820
10821
10824
10826
10829
10834
10835
10843
10848
10849
10850
10852
10853
10854
10856
10857
10862
10864
10866
10867
10869
10870
10871
10872
10873
10874
10875
10876
10877
10878
10879
10883
10884
10885
10886
10889
10890
10891
10893
10894
10896
10897
10898
10900
10901
10902
10903
10904
10905
10906
10908
10911
10912
10914
10918
10919
10920
10921
10922
10931
10933
10934
10935
10936
10938
10939
10940
10944
10945
10946
10947
10949
10950
10952
10953
10954
10955
10956
10957
10959
10961
10962
10963
10965
10966
10967
10968
10970
10971
10972
10973
10974
10976
10977
10978
10979
10980
10983
10984
10986
10987
10989
10990
10993
10996
10999
11010
11011
11013
11014
11015
11016
11017
11021
11023
11036
11040
11041
11042
11043
11045
11046
11047
11048
11050
11051
11053
11057
11059
11060
11061
11062
11065
11066
11067
11068
11070
11071
11072
11074
11076
11077
11078
11079
11081
11083
11084
11085
11086
11088
11090
11091
11093
11095
11096
11097
11098
11101
11103
11104
11110
11114
11115
11118
11120
11121
11122
11123
11126
11129
11132
11133
11136
11138
11139
11140
11141
11142
11143
11144
11152
11153
11158
11159
11160
11161
11163
11164
11165
11166
11167
11168
11169
11170
11171
11173
11174
11175
11176
11177
11178
11181
11182
11183
11184
11185
11186
11187
11188
11189
11191
11192
11193
11195
11196
11197
11200
11201
11203
11204
11206
11207
11209
11210
11211
11215
11218
11219
11220
11222
11223
11224
11225
11227
11228
11231
11234
11236
11237
11241
11243
11245
11246
11247
11248
11251
11252
11254
11256
11257
11258
11259
11260
11262
11263
11266
11267
11268
11269
11270
11272
11273
11274
11275
11276
11277
11280
11281
11284
11285
11286
11287
11288
11289
11291
11292
11294
11295
11296
11297
11298
11299
11300
11302
11303
11304
11305
11306
11307
11308
11309
11310
11311
11312
11313
11315
11319
11320
11322
11323
11324
11327
11328
11330
11331
11332
11337
11344
11348
11349
11350
11351
11352
11353
11354
11358
11359
11361
11365
11366
11368
11369
11370
11371
11372
11374
11375
11376
11377
11378
11379
11380
11382
11383
11384
11385
11387
11388
11391
11392
11395
11396
11397
11398
11403
11405
11406
11407
11408
11412
11413
11414
11415
11416
11417
11418
11419
11420
11421
11422
11423
11424
11425
11426
11427
11428
11429
11430
11431
11437
11438
11440
11441
11443
11444
11446
11448
11455
11457
11458
11460
11463
11466
11471
11477
11478
11479
11481
11482
11483
11488
11492
11522
11523
11527
11529
11530
11533
11539
11542
11544
11549
11551
11554
11555
11556
11558
11559
11560
11561
11562
11563
11565
11568
11569
11570
11572
11573
11574
11575
11580
11581
11583
11585
11588
11589
11592
11593
11595
11599
11601
11605
11608
11609
11610
11611
11612
11616
11624
11630
11640
11642
11647
11654
11665
11671
11674
11676
11677
11678
11679
11681
11686
11692
11698
11699
11700
11711
11714
11717
11719
11723
11724
11726
11727
11731
11737
11741
11742
11743
11744
11750
11754
11757
11758
11763
11766
11768
11770
11774
11775
11776
11777
11779
11781
11783
11785
11787
11788
11789
11791
11792
11795
11796
11797
11798
11799
11800
11804
11806
11810
11812
11815
11823
11826
11828
11833
11835
11836
11838
11841
11842
11843
11845
11846
11847
11848
11849
11858
11862
11864
11867
11877
11904
11905
11906
11907
11908
11913
11918
11940
11943
11944
11945
11948
11952
11953
11961
11980
11981
11985
11990
11998
11999
12002
12004
12011
12013
12022
12023
12030
12040
12065
12069
12072
12093
12101
12106
12138
12145
12159
12170
12179
12188
12191
12198
12203
12210
12216
12237
12245
12257
12258
12262
12296
12306
12310
12318
12339
12346
12350
12352
12353
12433
12447
12484
12486
12487
12526
12527
12528
12538
12547
12548
12551
12552
12553
12568
12573
12574
12582
12584
12585
12595
12598
12599
12605
12607
12609
12620
12638
12640
12645
12646
12650
12651
12659
12673
12676
12693
12701
12704
12706
12709
12741
12742
12745
12746
12749
12759
12770
12772
12794
12795
12797
12801
12806
12811
12814
12820
12831
12832
12887
12912
12914
12920
12933
12934
12937
12941
12946
12947
12949
12952
12953
12956
12976
12989
12991
13007
13012
13029
13047
13048
13069
13075
13080
13131
13198
13210
13233
13234
13237
13239
13245
13250
13252
13253
13255
13256
13264
13265
13269
13272
13273
13278
13284
13285
13286
13313
13352
13374
13385
13386
13387
13390
13392
13393
13394
13395
13398
13399
13400
13406
13410
13412
13423
13424
13425
13426
13430
13432
13478
13483
13498
13535
13540
13543
13544
13545
13547
13549
13550
13551
13560
13570
13579
13584
13602
13603
13611
13612
13613
13618
13621
13624
13628
13631
13634
13638
13640
13644
13648
13658
13659
13666
13667
13676
13677
13693
13713
13728
13731
13735
13748
13759
13776
13789
13817
13822
13825
13826
13837
13839
13841
13848
13855
13868
13871
13873
13881
13883
13884
13886
13887
13889
13907
14020
14030
14038
14039
14040
14041
14044
14046
14047
14048
14051
14057
14059
14070
14111
14125
14136
14137
14142
14153
14161
14171
14183
14184
14194
14198
14212
14241
14242
14243
14246
14256
14257
14285
14292
14294
14330
14342
14345
14354
14369
14371
14374
14376
14384
14386
14440
14454
14497
14518
14526
14541
14542
14544
14545
14546
14548
14552
14556
14557
14565
14585
14596
14600
14629
14630
14632
14634
14635
14636
14645
14671
14672
14696
14716
14722
14797
14808
14829
14835
14839
14847
14859
14870
14894
14897
14898
14901
14903
14907
14913
14915
14921
14924
14927
14933
14938
14944
14952
14982
14984
14985
14986
14991
14992
14998
14999
15007
15009
15012
15014
15015
15019
15020
15084
15107
15112
15115
15124
15125
15144
15149
15152
15154
15164
15178
15179
15189
15192
15193
15195
15198
15199
15201
15202
15203
15204
15212
15215
15224
15230
15233
15235
15236
15241
15242
15245
15250
15252
15262
15263
15280
15283
15284
15295
15304
15305
15306
15310
15311
15313
15326
15330
15331
15332
15333
15352
15353
15355
15357
15359
15362
15373
15379
15382
15391
15392
15393
15394
15395
15396
15397
15398
15399
15401
15402
15403
15406
15419
15429
15433
15443
15444
15457
15459
15483
15494
15497
15506
15518
15527
15528
15531
15533
15534
15536
15540
15542
15543
15548
15549
15551
15558
15565
15568
15573
15574
15575
15576
15580
15581
15583
15590
15593
15598
15602
15609
15610
15615
15616
15617
15618
15624
15627
15629
15630
15635
15666
15674
15678
15679
15680
15681
15682
15693
15694
15697
15704
15714
15715
15740
15743
15744
15748
15749
15758
15759
15761
15763
15764
15767
15800
15801
15802
15803
15809
15811
15814
15832
15845
15846
15848
15850
15854
15859
15864
15883
15886
15897
15899
15902
15903
15904
15912
15915
15916
15918
15919
15921
15922
15942
15946
15947
15950
15952
15957
15958
15960
15964
15965
15971
15973
15979
15984
15985
15986
15990
16001
16004
16006
16009
16010
16022
16024
16027
16028
16032
16043
16047
16049
16056
16062
16067
16072
16073
16078
16081
16092
16093
16094
16095
16102
16103
16107
16108
16110
16111
16112
16113
16117
16118
16119
16126
16131
16133
16143
16146
16148
16158
16160
16183
16185
16187
16189
16210
16214
16215
16216
16220
16221
16229
16233
16235
16246
16247
16248
16249
16251
16252
16253
16255
16257
16273
16275
16289
16292
16296
16304
16310
16312
16313
16317
16332
16334
16362
16363
16378
16385
16389
16402
16406
16423
16434
16441
16447
16459
16460
16489
16500
16516
16529
16530
16539
16546
16577
16578
16585
16587
16591
16592
16606
16660
16688
16689
16690
16691
16694
16695
16704
16717
16727
16728
16793
16888
16891
16896
16966
16986
17094
20001
20018
20038
20039
20096
20102
20127
20137
20138
20140
20143
20149
20157
20163
20166
20169
20187
20194
20195
20201
20230
20232
20241
20265
20266
20267
20270
20274
20277
20279
20280
20285
20286
20294
20295
20299
20300
20302
20304
20329
20334
20340
20348
20355
20378
20624
20625
20639
20641
20643
20646
20647
20650
20652
20675
20685
20688
20701
20702
20707
20725
20730
20735
20741
20789
20827
30004
30006
30017
30022
30025
30028
30029
30030
30033
30034
30036
30043
30044
30046
30047
30049
30051
30052
30058
30059
30061
30062
30066
30068
30069
30070
30074
30077
30083
30087
30088
30089
30090
30091
30095
30098
30103
30105
30111
30113
30114
30115
30117
30119
30122
30124
30125
30127
30128
30130
30132
30135
30136
30138
30139
30141
30144
30145
30147
30148
30149
30150
30151
30152
30156
30157
30163
30167
30168
30169
30170
30171
30172
30178
30182
30191
30194
30200
30202
30209
30210
30211
30213
30214
30227
30231
30233
30238
30239
30241
30243
30244
30245
30246
30249
30250
30255
30256
30258
30259
30262
30263
30264
30265
30266
30267
30268
30269
30272
30273
30275
30276
30278
30279
30281
30289
30290
30291
30292
30293
30294
30295
30298
30302
30303
30304
30306
30308
30309
30314
30315
30316
30317
30318
30319
30322
30327
30332
30335
30340
30341
30343
30345
30346
30347
30348
30351
30352
30353
30354
30356
30359
30360
30361
30363
30364
30365
30366
30367
30368
30372
30379
30380
30381
30382
30383
30384
30389
30392
30393
30394
30396
30397
30398
30399
30401
30402
30403
30405
30406
30408
30409
30410
30413
30414
30415
30417
30419
30424
30426
30427
30428
30429
30432
30436
30443
30444
30445
30446
30447
30451
30452
30453
30457
30458
30460
30464
30467
30469
30470
30471
30472
30481
30482
30483
30485
30486
30493
30501
30502
30503
30504
30510
30511
30516
30517
30519
30520
30523
30525
30534
30535
30536
30539
30544
30545
30546
30547
30548
30549
30550
30553
30555
30562
30564
30566
30567
30570
30571
30572
30573
30578
30582
30587
30588
30589
30590
30591
30592
30597
30600
30601
30602
30603
30604
30605
30606
30607
30609
30610
30611
30612
30615
30617
30619
30621
30623
30626
30627
30629
30630
30631
30633
30634
30635
30646
30648
30649
30651
30654
30655
30656
30657
30658
30659
30660
30662
30664
30665
30666
30667
30668
30669
30670
30671
30673
30679
30680
30681
30682
30683
30684
30685
30687
30688
30689
30691
30692
30693
30694
30695
30696
30699
30700
30701
30702
30703
30704
30705
30706
30710
30711
30714
30722
30723
30725
30727
30728
30731
30732
30733
30735
30737
30738
30739
30740
30741
30743
30745
30746
30747
30748
30749
30751
30756
30761
30765
30766
30767
30768
30769
30770
30771
30772
30773
30774
30775
30776
30777
30778
30779
30780
30781
30782
30785
30786
30787
30788
30789
30790
30791
30792
30797
30804
30805
30806
30807
30808
30810
30811
30813
30816
30820
30822
30823
30824
30825
30826
30829
30831
30832
30833
30838
30841
30842
30843
30844
30847
30850
30852
30853
30854
30856
30857
30858
30859
30860
30861
30862
30863
30864
30865
30866
30868
30872
30874
30875
30876
30877
30878
30879
30883
30886
30887
30888
30889
30893
30894
30898
30899
30902
30903
30904
30905
30906
30908
30910
30912
30913
30915
30916
30917
30918
30919
30920
30921
30923
30924
30925
30926
30927
30931
30932
30934
30936
30937
30941
30943
30944
30945
30946
30947
30948
30949
30950
30951
30952
30953
30955
30956
30957
30958
30959
30960
30961
30962
30963
30964
30965
30967
30969
30971
30972
30973
30975
30980
30985
30987
30989
30990
30991
30993
31000
31003
31005
31007
31008
31009
31010
31013
31014
31015
31017
31018
31020
31021
31022
31023
31024
31025
31026
31033
31034
31035
31038
31039
31040
31041
31042
31043
31044
31045
31046
31047
31048
31049
31050
31051
31052
31053
31054
31055
31056
31057
31058
31059
31060
31062
31063
31064
31069
31070
31072
31078
31081
31082
31086
31087
31090
31091
31092
31093
31094
31097
31098
31099
31101
31103
31105
31106
31107
31109
31110
31111
31112
31115
31117
31118
31122
31123
31124
31128
31133
31135
31138
31139
31140
31141
31142
31143
31144
31146
31147
31148
31149
31152
31153
31154
31155
31156
31157
31158
31159
31160
31161
31163
31164
31165
31166
31167
31168
31169
31170
31171
31174
31175
31189
31190
31204
31205
31207
31208
31209
31210
31211
31213
31214
31216
31217
31218
31219
31220
31221
31225
31229
31230
31234
31235
31236
31238
31242
31243
31246
31251
31252
31255
31256
31257
31258
31260
31261
31262
31263
31265
31266
31272
31277
31278
31281
31282
31283
31284
31285
31287
31290
31294
31296
31297
31299
31302
31304
31306
31309
31310
31313
31314
31317
31318
31319
31320
31321
31326
31329
31330
31331
31332
31333
31335
31336
31337
31338
31339
31344
31346
31348
31349
31351
31354
31355
31356
31358
31362
31363
31366
31367
31368
31369
31370
31373
31374
31375
31377
31378
31382
31384
31385
31386
31388
31392
31393
31400
31401
31402
31403
31404
31407
31410
31412
31414
31416
31420
31422
31427
31430
31431
31437
31440
31441
31442
31443
31444
31453
31456
31457
31458
31459
31460
31464
31465
31467
31469
31470
31471
31474
31477
31478
31480
31481
31482
31483
31484
31488
31489
31492
31493
31494
31495
31498
31501
31502
31507
31508
31515
31517
31518
31520
31531
31534
31537
31538
31543
31544
31560
31564
31565
31566
31569
31572
31574
31582
31585
31587
31590
31596
31604
31611
31612
31621
31622
31624
31626
31635
31642
31644
31645
31655
31657
31663
31664
31665
31666
31668
31669
31670
31671
31675
31676
31677
31681
31684
31686
31700
31701
31707
31709
31712
31715
31724
31725
31726
31729
31732
31733
31739
31745
31748
31754
31759
31771
31772
31791
31795
31797
31799
31800
31801
31812
31813
31815
31817
31826
31843
31845
31847
31868
31879
31885
31886
31891
31909
31920
31928
31932
31937
31960
31967
31970
31976
31977
31978
31988
31989
32005
32011
32034
32039
32069
32087
32100
32101
32117
32134
32144
32153
32261
32342
32346
32347
32365
32376
32385
32409
32412
32413
32424
32426
32427
32434
32438
32463
32572
32587
32592
32595
32596
32597
32599
32603
32604
32606
32607
32621
32622
32626
32628
32629
32631
32632
32633
32634
32635
32636
32638
32643
32650
32653
32654
32663
32677
32680
32687
32693
32697
32700
32701
32702
32703
32716
32723
32748
32776
32777
32809
32835
32885
32896
32898
32920
32923
32924
32925
32928
32930
32931
32935
32939
32940
32941
32942
32943
32945
32946
32962
32969
32971
32974
32980
32983
32986
32990
33005
33012
33019
33039
33042
33043
33046
33049
33055
33057
33071
33100
33106
33114
33118
33119
33132
33167
33172
33188
33189
33190
33192
33200
33201
33205
33206
33227
33232
33268
33274
33302
33340
33363
33395
33401
33412
33416
33420
33421
33426
33434
33435
33436
33453
33455
33474
33482
33492
33493
33495
33502
33503
33504
33505
33506
33508
33516
33518
33546
33556
33573
33591
33592
33610
33636
33639
33641
33648
33697
33698
33701
33703
33725
33727
33748
33752
33755
33776
33781
33782
33783
33784
33803
33805
33806
33828
33830
33838
33839
33889
33929
33931
33937
34005
34016
34034
34054
34061
34064
34086
34087
34096
34101
34105
34109
34111
34112
34113
34118
34126
34128
34141
34142
34153
34157
34227
34230
34231
34238
34297
34306
34320
34322
34323
34352
34428
34431
34449
34450
34451
34455
34459
34460
34466
34469
34472
34475
34479
34483
34492
34494
34500
34501
34502
34503
34505
34513
34514
34515
34519
34523
34545
34546
34547
34550
34551
34554
34555
34558
34559
34560
34561
34563
34564
34572
34573
34583
34584
34588
34591
34592
34603
34613
34618
34619
34622
34626
34644
34652
34653
34664
34674
34676
34677
34678
34704
34710
34714
34719
34720
34729
34764
34768
34774
34775
34777
34783
34795
34818
34821
34822
34823
34824
34825
34829
34831
34875
34888
34898
34903
34904
34921
34922
34923
34927
34933
34934
34935
34936
34941
34942
34944
34945
34948
34950
34955
34960
34962
34963
34964
34966
34967
34971
34972
34973
34975
34976
34982
34988
34999
35000
35004
35013
35016
35020
35027
35028
35037
35038
35039
35040
35042
35043
35048
35066
35078
35085
35088
35099
35109
35110
35140
35141
35142
35145
35146
35166
35168
35179
35180
35217
35231
35233
35253
35254
35258
35259
35261
35262
35263
35266
35267
35270
35274
35280
35284
35285
35287
35288
35289
35296
35299
35306
35310
35311
35313
35314
35316
35317
35322
35323
35328
35331
35333
35336
35339
35342
35353
35355
35360
35361
35365
35367
35369
35371
35375
35379
35383
35407
35416
35418
35433
35478
35486
35509
35512
35513
35514
35517
35518
35521
35523
35525
35526
35528
35529
35533
35534
35537
35539
35540
35542
35544
35553
35557
35558
35559
35564
35571
35572
35576
35613
35617
35630
35644
35657
35658
35664
35690
35692
35694
35697
35701
35703
35704
35709
35712
35713
35714
35719
35720
35723
35724
35727
35732
35734
35735
35736
35739
35748
35752
35753
35758
35759
35763
35775
35780
35785
35789
35790
35820
35831
35857
35861
35863
35872
35883
35884
35885
35892
35895
35899
35905
35913
35925
35929
35935
35941
35942
35943
35947
35969
35970
35974
35977
35991
35992
35993
35996
36002
36004
36029
36046
36047
36050
36051
36053
36055
36057
36059
36061
36064
36078
36134
36140
36146
36164
36171
36185
36187
36193
36195
36200
36209
36231
36236
36239
36243
36244
36249
36251
36256
36264
36270
36272
36281
36328
36329
36332
36333
36336
36337
36339
36342
36343
36352
36354
36365
36372
36373
36374
36375
36394
36405
36408
36409
36416
36430
36500
36515
36519
36582
36602
36609
36616
36618
36619
36627
36628
36638
36640
36641
36645
36672
36682
36705
36723
36733
36739
36783
36793
36808
36845
36846
36860
36917
36925
36930
36961
37042
37043
37206
37208
37218
37246
40002
40003
40004
40008
40009
40011
40014
40017
40018
40020
40025
40028
40030
40035
40036
40040
40041
40043
40052
40053
40055
40056
40057
40059
40060
40061
40063
40064
40068
40072
40073
40074
40075
40078
40079
40081
40083
40084
40085
40087
40089
40090
40091
40093
40094
40095
40096
40097
40102
40103
40104
40105
40107
40108
40109
40111
40112
40115
40116
40117
40122
40125
40127
40130
40131
40132
40133
40135
40136
40137
40138
40139
40140
40143
40144
40145
40147
40148
40153
40157
40158
40161
40162
40164
40166
40167
40168
40169
40175
40179
40182
40185
40186
40187
40188
40191
40195
40199
40201
40202
40204
40223
40233
40236
40240
40246
40253
40259
40260
40261
40264
40266
40267
40268
40269
40270
40271
40272
40273
40275
40276
40279
40281
40290
40293
40297
40298
40300
40301
40304
40306
40307
40309
40316
40325
40326
40333
40335
40339
40348
40361
40366
40367
40375
40376
40382
40383
40402
40405
40417
40420
40426
40431
40432
40435
40437
40439
40440
40444
40445
40446
40449
40468
40479
40480
40492
40493
40498
40502
40505
40512
40514
40515
40525
40527
40529
40535
40544
40545
40546
40556
40561
40563
40584
40607
40619
40641
40687
40689
40696
40706
40709
40714
40715
40718
40726
40739
40746
40747
40749
40751
40752
40754
40755
40756
40761
40769
40771
40773
40778
40780
40783
40785
40786
40789
40790
40792
40794
40795
40797
40800
40801
40803
40805
40806
40807
40809
40815
40816
40824
40828
40831
40836
40839
40844
40845
40846
40848
40851
40852
40854
40855
40857
40867
40877
40880
40882
40886
40888
40890
40891
40892
40893
40894
40896
40898
40914
40921
40922
40924
40926
40931
40933
40936
40938
40940
40941
40949
40957
40965
40969
40971
40974
40977
40979
40984
40990
40996
41005
41007
41012
41022
41023
41057
41073
41139
51689
51818
60001
60006
60007
60021
60024
60025
60026
60027
60028
60030
60031
60032
60035
60044
60045
60046
60047
60049
60050
60051
60055
60057
60058
60060
60066
60069
60070
60075
60076
60077
60078
60079
60080
60082
60083
60084
60086
60087
60088
60090
60091
60094
60095
60096
60097
60099
60100
60101
60102
60103
60107
60108
60109
60111
60112
60113
60117
60118
60121
60122
60123
60124
60126
60127
60129
60130
60154
60155
60156
60159
60162
60164
60171
60172
60183
60184
60199
60200
60201
60207
60233
60244
60247
60263
60280
60298
60333
60334
60357
60358
60365
60371
60372
60379
60381
60384
60403
60405
60419
60429
60459
60495
60501
60578
60579
60580
60582
60583
60588
60591
60592
60596
60598
60599
60600
60604
60606
60608
60612
60617
60618
60625
60628
60629
60631
60635
60639
60645
60650
60670
60674
60689
60697
60704
60708
60734
60741
60747
60796
60830
70481
70483
91023
91131
