CS5010		49.0	39.0	10.0	100.0
CS5100		13.0	29.0	16.0	256.0
CS5200		57.0	72.0	15.0	225.0
CS5310		11.0	2.0	9.0	81.0
CS5335		5.0	1.0	4.0	16.0
CS5340		19.0	22.0	3.0	9.0
CS5400		2.0	5.0	3.0	9.0
CS5500		46.0	71.0	25.0	625.0
CS5520		11.0	28.0	17.0	289.0
CS5600		27.0	64.0	37.0	1369.0
CS5610		98.0	78.0	20.0	400.0
CS5700		33.0	49.0	16.0	256.0
CS5800		195.0	112.0	83.0	6889.0
CS6120		11.0	1.0	10.0	100.0
CS6140		12.0	22.0	10.0	100.0
CS6220		31.0	21.0	10.0	100.0
CS6240		38.0	34.0	4.0	16.0
CS6350		1.0	1.0	0.0	0.0
CS6515		6.0	3.0	3.0	9.0
CS6740		17.0	33.0	16.0	256.0
CS7480		2.0	1.0	1.0	1.0
CS7485		1.0	1.0	0.0	0.0
CS7600		3.0	4.0	1.0	1.0
CS7805		2.0	1.0	1.0	1.0
EECE7398	1.0	1.0	0.0	0.0
IA6120		1.0	1.0	0.0	0.0
INFO6210	1.0	1.0	0.0	0.0
INFO6215	1.0	1.0	0.0	0.0
INFO7260	1.0	1.0	0.0	0.0
