15555194
15561906
14708880
15529083
15561693
15562171
14766563
14699005
14710750
15523273
13615231
14712570
13664454
14691168
14740716
14719409
13655249
14713222
14123733
14712795
15555338
14672888
14121052
15560909
14675320
13950478
14673604
14737153
14750236
14748593
14745282
13973053
13658198
15526540
14514447
14707217
14672753
14710587
14764971
14734663
14715335
13878203
15555787
14764049
13618785
14703045
14115608
14711729
14737623
15559971
15561890
15562476
15554683
14749477
14075187
15555795
14165811
14721746
15536216
14755678
14541969
14713212
14741102
14724962
15525287
14692061
14714882
13742596
14710686
14761791
14742190
15526497
14757742
14703054
14721752
14143788
13665689
14709636
15558847
14705385
15555295
15524739
14761794
14698813
14730995
14702190
14146052
15555113
14712527
14094834
14673179
15559540
14764784
14063119
13984531
14712205
15525329
14495456
14692619
14673275
14731353
14106486
15524778
14699189
14722718
14706193
15523878
14065544
14710374
14765904
14711378
14704176
14696795
14702402
14762866
14702036
15554709
14759942
14287766
14708088
15540124
14721688
15555202
13638399
15558697
14697185
14681344
14701712
15556615
15561412
14719557
13974986
14307829
13872555
14712519
14715990
14264127
14673749
15560139
15523787
15558873
14510142
13667795
14712476
15555581
14063462
14756599
15523142
14703744
15559200
15558882
14698739
14737543
14712881
14724936
14696872
15526211
13740267
14692530
14766469
14719635
14672733
14144345
14717823
14723670
14725729
14736936
14734318
15562080
13805949
15532388
14078093
15528420
14762704
13689531
14704021
13751504
13787533
14675396
14711435
15556259
14681360
15556025
14730311
14170459
14108320
14706703
15554951
14713481
15562400
14083377
15530182
14759579
14116299
14674326
14697274
15561912
15527797
14752754
14722090
14767426
14693632
14716435
13624413
15558698
15528160
14738014
14720967
15555868
14769908
14766483
14715998
15529965
14730611
15529117
14714660
14749426
13980472
15555810
14737530
14767994
14078839
14049516
15559932
14704504
15523764
14699399
15526836
14550773
14081775
14693419
13950819
15555583
15539962
13977402
14696666
14717815
14150986
14707780
13732920
14742246
15555534
14745288
14707240
14699398
14707183
14762871
14072513
14703915
14714870
15556087
14540227
15559478
13972623
14737553
13657154
14146851
15523282
14714713
14302293
15554262
14715391
13663689
14672705
14721750
15526536
14719743
15523619
13867261
14731056
13729080
14711134
14713400
13667845
14706629
14712263
14708301
14137457
14065858
15526863
14126030
14717698
15532469
14706581
14710946
14696654
15558849
14753139
15558671
14696026
14703184
14118224
14696874
14122201
15529964
14130848
14715299
13656009
13684731
14710312
14089897
14673664
14689591
14146235
14149196
15558953
15552681
15526053
14755623
14116887
15532221
14739199
15555848
14691134
15554811
14727183
14718942
15562470
15523990
14755172
13655926
14697976
15561960
14703236
14746756
15555012
13994362
13728347
14693852
15560379
14738011
14078030
14759909
14097448
14707958
13664440
14120015
14721647
13925553
15526800
13769728
14678639
14741191
14715500
14144468
14748597
14704274
14693777
14693213
14740734
15523103
13863280
13656012
14771845
14728129
13641055
14143376
14072948
14715336
14689065
14748679
14702882
14150994
14703367
14127911
15540295
14110265
13992896
14712874
14712774
14761788
14076845
14766182
14705762
15523002
15556696
14675206
15559204
14710840
15556810
13655575
13740238
14692606
14701954
14713466
14752705
15531540
14745233
14703043
14770205
14744653
14718893
14715959
14678653
14722947
15554512
14712569
14744953
14078079
14021896
15528421
14734638
14730053
14701839
14673278
14706557
14152113
14756662
14712701
13742440
14705596
14729821
13707743
14769959
15560742
14690460
14710764
14088971
14675440
14143844
15527912
15555546
15561957
14719538
14673736
13664039
14673748
15555815
14719022
14165325
14078800
14731046
14708866
14147499
15555730
13652158
14764010
14766558
14770503
15524053
15559386
14768801
14113592
14713221
14713392
14761531
14673658
15557121
13701119
15555343
15555489
14106948
14117333
14703040
15559254
14712342
14770263
15523396
14692885
14698501
15524779
15529515
13646958
14766446
14729882
14704259
14737652
14736767
15526073
14729302
14682384
15557686
14719219
14689062
13997531
14679334
14693085
14440420
14150857
14713458
14540448
14091739
14695390
14458043
14705696
13687041
14750261
14711662
14721698
14707755
14165991
14725717
13716448
15555626
15526068
14702711
14208864
14111306
15527111
14697443
14715366
14716354
15524975
14440698
15526037
15554473
15561582
13655120
14153358
14701049
14160096
14536384
15560137
14152840
14715993
13703157
14748602
13695208
14766428
14704672
14704336
14764691
14694769
14699180
14767162
13652060
15529085
14117916
14706012
13927061
14673033
15558724
13824709
14704018
13758312
14713417
13978899
15555812
14752748
14165320
13980707
15561577
13632753
14713202
14693006
14722103
14171086
14078142
14761423
14719264
14110558
15525234
15531556
15554480
13663694
14693098
14073872
14560404
14106556
14715477
14721546
14117928
14708152
14674599
13995319
14672946
14719020
14536100
14771684
14070216
14731007
14071250
14023713
15559705
15555873
15522850
14695894
15559084
14695979
14519413
15558740
14678728
15558717
14138763
14695195
15525286
15559698
14079462
14708281
14738009
14699187
14702223
14044894
14117412
15527061
14699290
14166521
15555561
14702708
14710869
14117278
15522584
15511939
15539625
15541931
15558987
15503663
15532911
15527050
15559054
14114308
15561754
15552509
15553267
15485839
13767325
15542345
14678718
15540227
15508441
15489956
13929404
15524048
15527337
14116807
15539620
15535592
15519964
15486824
15556099
14723054
13636022
15542216
15494497
15485684
15560200
15560218
15535493
14414618
15536023
15539740
13626394
15535695
14697133
15536022
15528686
14702398
14555196
15554570
15560964
15535167
15539527
14684083
14708817
15508140
15500330
15524931
15536358
15539792
14749474
15503011
15539767
15558866
15508402
15559312
