13951808 51 1 104 1 1 14 1 14 10 8 8 8
13639488 71 39 71 72
13639720 23 71 72 3 114
14737530 43 67 52 72 39 3 23 23 23 1 124 98 27
15561627 16 37 15 34
13980597 14 30 47 14 8 8 8 8 8
15555561 72 67 52 43 52 67 3
13626741 3 63 60 61
13787533 82 83 70 101 74
13658863 39 68 3
13644360 67 3 43 52 72 61 23 80 118 23 23 44 124
14710946 6 82 97 117 70
14150994 41 37 43 38 100 23 23 141 87 36 138 26 61 1
15558847 7 6 56 82
13665832 30 51 91 94
13669451 41 37 43
13627201 23 98 89 60 39
14730311 52 43 67 27 92 39 23 23 23 98 72
14672753 30 80 112 91
14721746 52 67 1 43 72 116
14108320 51 112 1 91 130 30 104 1 14 1 14 1
14704336 52 43 72 67 72 92
14693632 41 43 37 141 137 100 23 23
15559698 43 67 72 52 124 63
13950615 23 61 91 60 60
14768801 52 67 27 43 98 72
13655120 2 51 91 94 1 14 1 14 1 86 8 10 126 14
14103236 67 52 27 43 72 98 23 23 50 92 39 90
15557686 16 37 93
14708152 67 27 43 52 72 118
14737153 27 43 67 52 72 39 23 124 151 63
14761795 43 50 52 67 72 98 122 39 23
14761794 30 2 104 51 2 91
13664206 51 17 50 61 91 26
14023713 48 3 1 50 61
14114106 52 67 43 27 72 50 50 3 63
14761790 16 78 37 48 41 137 138 26 100
13639436 22 62 97 74 56
15553267 52 43 27 67
13975981 3
14529067 6 101 28
14762443 50 52 43 67 3 72 92 27 23
14068060 44
14148813 37
13824709 6 101 82 74
14094359 52 50 67 43 98 72 23 23 23 3 68 23 92 111
14769908 43 52 67 27 72 98
14075187 43 67 52 80 39 72 23 122 112 92 124
14027320 6 73
15555787 39 67 43 52 72 98
13980763 22 73 70 101 97 74
14068230 19 3
13639548 68 1 94 104
13997531 41 37 138 38 26 50 122
14078079 50 51 91 95 1 30 1 104
14702711 51 30 94 1 1 1 1 94
14126802 52 67 72
13718825 6 73 70 82
14715366 67 52 43 39 72 50
14693085 50 43 3 52 115 67 23 23 1
14109314 52 43 67 27 72 98 23 23 124 3 23 23 39 122
14684083 27 67 52 43
15558740 6 70 82 83
14123733 122 50 78 95 36 61
15556968 52 43 27 67
14111618 67 52 27 43 72 98 3 61 23 23 23 80 50
13640460 23 60 89 86
13640708 23 98 92 80 3
13751504 37
14707029 16 37
13981588 22 62 106 97
14711783 41 37 43
13975846 36 41
13701315 73
14106486 41 37 43 143
14125992 67 43 52 53 72 91 61 1 89 115
14110212 43 52 50 67 98 72 111 52 67 72 23 23 23 92 27 122
14068284 61
14723054 52 67
14152840 51 30 91 1 47 1 94 104 1 14 14 1
13708931 8 8
14145019 67 52 61 43 72 98 3 124 23 23 111 122
13974443 8
14440420 6 73 74 101 117 70 28 97 4 82 133
14712205 6 56 101 28 106 110 117 70 4 82
14075394 1 51
14712203 43 52 67 72 39 27 50 124 23
14128879 37 48
13635938 17 61 23
13673300 53 8 94 8 10 8 8 8 8
14695894 50 51 115 91 30 1 43 14 104
14133036 37 26 43 38 41 48 36 87 100 93 100 137
13637565 73 82 22
14076845 41 37 43 26 138 100 137 23
13872723 23 50 92 27 68
14707958 43 91 115 23 112 30 104 72
14710869 1 128 2 91 1 14 1
14083377 94 51 91 1 126 1 1 104 1 30 126 1
14541969 14 47 14 8 8 8 8 8 8
13984531 101 73 82 56
13656012 2 30 91 1 1 14 8 8 8 2 8
13649946 67 52 43 3 86 72 23 118 44 19 39
14146052 1 140 104 1
15561912 43 52 67 72 27 98
15535493 43 27 67 52
13976862 67 63 52
13636264 22 28 43 56 23 74
14070633 50
13707743 16 6 73 28 106 101 133 82
15511939 82 133 56
13695557 41 93 87
14673658 67 52 43 61 72 98
15529085 143 41 37
14698813 6 56 28 101 97 110 70 117 82 4
14540448 83 101 82 43 73 70
13663689 51 30 104 47 1 94 1 91 1 126 1 14 1 14 126 8
14717815 51 30 91 94
13617700 39 43 67 52 92 98 72 68 23 23 50 27
13643141 61 100 23 87 26 23 36 78
14101420 67 43 52 3 23 98 19 92 80 23 23 112 39
13981060 56
13981061 22 62 106
14525287 61 80
14704176 37 137 100 36
13667425 16 41 37 93 26 100 48 36 43 87
13601392 3 63 92
14126512 6 73 82 22 7
13622623 23 61 80 19 44
14750261 92 52 43 67 98 72
14695390 67 43 80 52 39 72 23 124 3
15555730 43 67 52 39 72 98
14128692 43 92 52 67
13635531 53 19 80 47
14154876 67 43 52 72 98 92 23 23 23 39 63 112 124
13976385 52 67 1 92
14116441 73 70 6 62 82 117 110 28 22 56 101 4
13641213 56 22 63 4 28 74 21
14088613 67 27 52 43 72 98 111 23 23 39 92 61
14510142 53 14 1 14 10 8 94 8 10 8 8 10 8 8 10
14116299 37 100 48 41 138 26 38 27
15539527 82
13951406 41 36 23 87 61
14673278 143 43 41 37
15558873 37
13974248 60 51 60 91
13688183 100 37 36 41 26 87 93 38
13656094 63 68 72 50
14532036 8 8 8 8 8 8
14129907 3 52 43 67 98 92 19 50 23 23 23 27 72
14737582 52 67 27 43 72 98 92 39 23
14704672 43 67 52 72 112 61
14701494 52 122 67 43 98 92 23 72 111 23
14098672 6
15524739 36 89 94 126
14116631 38 100
14094834 16 138 37 26
14093165 43 52 67 27 72 98 23 23 23 68 39 23 92 80
14098772 43 37 41 100 93 23 23 26 138 87 23 38 36
14151773 43 41 37 100 93 36 27 87 23 23 138 26
13667397 43 52 67 50 92 98 67 52 27 23 23 23 72 80 68
14691134 50 43 52 67 72 98
15539767 52 43 67 80
15531540 50 67 52 43 116 72
14116020 41 37 43 100 38 23 23 87 26 138 36
14707755 6 28 74 117 73 56 133
13617950 30 50 91 1 51 61 112 63 1 124
13659319 44 39
15560218 27 52 67 43
13723931 52 67 72 50
14724006 67 43 52 50 27 92 23 61 72 23
15529083 67 43 1 52 98 72
14755623 43 27 67 52 72 39 23 23 124 50 92
13626870 23 92 61 19 60
14706012 72 52 43 67 39 3 23 23 124 63 92
13648808 50 43 67 52 95 72 23 91 89 23 23 61 122
14764784 67 52 43 3 72 98
14710374 6 70 56 83 133 73 43 23 74 4 82 149
14704274 37 43 36 38 16 143 41
14120670 41 37
14097581 30 94 104 1
15508441 82 56
13623277 2 1 23 3
14721698 67 43 52 80 72 98
15558953 140 1 91 1
15559468 6
14730357 28 82 74 106 73 6 133 70 22 4
13951276 72 80 68 19
14091890 37 41 43 100 38 23 23 138 26 87 48
14712527 43 50 52 67 98 72
14145818 52 23 43 67 27 72 98 23 23 23 68 39 23 80 92
14067397 63 53
14166978 98 67 52 43 111 39 130 72 23 23 3 27
15555295 146 111 120 149 68
14143844 16 26 138 37
14123420 52 43 67 92 19 72 23 23 61 50 98 68
14063383 53 44
14126173 17 80 112 115 61 92 139
14098594 52 67 50 80 92 72 122 3 61
13708880 8 8 8 8
15523619 52 43 67 3 80 72
13655249 68 39 60 92 51 120 91
13603841 70 7 56 6 97 83 82 110 73 28 101 106
13655245 23 80 61 68 19
14110030 52 50 67 43 72 98 111 52 67 27 23 23 92 80
13664658 70 6 83 28 73 82 22 56 97 4 101
15524931 61 67 43 52
14148354 67 52 41 93 100 36 27 87 26 138 141
14737623 51 61 2 104 1 30 151 91
15555795 41 37 143
14082674 23 67 72 43 52 98 116 23 23 3 39 23 112 124
14098210 37 48 38 100 41 93 26 87 138
14690460 67 52 43 50 98 72
15562171 80 43 52 67 92 72
14114387 48 37 16 26 41 93 36 87 137 100
14696872 43 67 50 52 95 72 23 3 23 124 1 61
14761791 30 113 132 139 91 30 51 68 72
14697976 43 52 80 67 72 39 23 23 23 63 112
14561382 115 50 122 61
14556011 14 1 1 8 10 8 8 8
14706701 37 93 100 138 26 137 143 41
13805949 82 6 70
14155994 72 67 43 52 80 50 3 61 23 23 122 112
14067786 60 68
14097448 51 61 91 89 30 104 10 47 17 14 1
13944102 63 19 23 68 61
14766563 67 39 43 52 72 98
14106293 52 67 27 43 98 72 23 23 39 3 23 124 111
14125743 67 52 43 50 72 89 23 89 91 122 61
14125741 43 41 37 61 100 23 26 87 23 36 129
13650697 37 41 43 52 67 92 19 72 23 23 124 80 39 63
13669401 43 3 67 52 72 61 23 63 19 111 124
14736767 41 80 100 138 137 26 93 27
14706496 37 48 38 143 43 41 122 23
14106299 67 52 43 27
14732144 101 82 28 110 22 6 70 83
14719022 52 72 43 67 50 112
14714882 43 3 67 52 50 72
14696846 43 67 52 122 98 72 124 27 23
14128802 7 6 28 82 73 70 83 101 22 56 133 4
14128803 6 62 16 70 83 82 97 28 110 73 56 22
13641609 73
14063462 61
14125959 7 56 70 6 28 97 82 83 101 22 73
15526068 27 52 67 43 98 72
13976619 68 72 63
14756662 52 122 43 67 72 98 23 23 92 27
15523103 37
14309952 73 6 56 83 101 82 97 110 106 4 70
14139073 43 72 67 52 98 92 23 23 39 63 27 112
13658198 132 113 30 139 91 51 140 112 104
15561412 7 6 82 101
14106563 43 52 23 67 27 98 92 112 72 63 72 38
14106562 6 101 73 28 56 70 117 4 22 133
13665098 17 43 67 52 98 72 23 61 92 23 23 27 51
14703744 37 138 26 16 41 143
14165991 43 67 52 72 50 92 112 80 116 111
14064886 53 63
14720967 52 67 43 27 67 98 52
14148295 70 6 73 74 82 28 106 56 117 22 4
13672110 67 68 52 72 92 112 50 118 1
15561890 52 67 80 43 27 72
15554512 6 101
14067434 68 50
14148293 6 82
15558882 6 56 82
13664440 30 51 91 94 1 1 1 104 1 14 14 94 8 94 8
13726880 6 70 97 82 73 110 56 28 74 117
13863280 82 74
13718620 4 62 56
15561957 143 41 37
13656348 63 3 23 72 19
13632971 22 56 70 4 83
14678653 52 67 80 43 72 116
14112892 82 6 56
14702190 43 52 67 80 72 98 23 92 63
14762704 3 52 67 43 50 72
14697274 67 43 50 52 98 72 23 23 3 27
13975087 44 19
14117016 93 37 48 41 78 36 137 100 87
13643104 52 39 43 67 72 98 27 19 23 23 92 61
13720293 8 8 94 8 8 8 8 8
13627476 53 60 61 47
15526836 43 67 52 122 72 50
13667855 43 3 52 67 72 61 23
15555546 43 52 67 3 72 50
13742440 37 16 41 36 48 100 93 138 137 26 100
14708301 43 52 80 67 3 72
14705189 52 27 43 67 72 111 23
14705179 82 110 6
14733683 67 27 43 52 92 98 17 72 23
14757742 67 27 52 52 67 3 72
13981229 22 28 83 74 73
14072253 1 14 94 14 8 8
14714870 30 51 104 94
14072926 67 52 43 50 27 92 23 39 72 23
13772080 37 41 38 100 36 93 87 138 26
15530182 30 61 86 94
14693213 51 61 91 98 43
15555534 1 51 151 104
14734663 43 67 72 52 98 44 80 151
13693683 8
13652163 43 67 52 3 63 72 23 50 80 39 124
13627475 19 68 23 111 72
14715299 43 52 67 50 72 98
13732519 73 5 28 22 74 82
14064036 63 98
15554951 6 7 70 28
14073107 67 43 52 50 27 72 23
14458043 6 83 82 56 70 74 28
13878140 73 101 82 70 117 4
15532388 143 43 41 37
14723595 72 67 52 43 98 92 27 124 23
14069113 68 3
14068970 44 71
14705696 101 6 70 133 106 73 28
15536358 72 67 52 43
14116887 37 38 41 100 137
13674879 8 8 8 8 8 8
13950536 19 68 23 111 61
15524779 52 43 67 50 61 72
14761531 67 52 27 43 98 72 23 23 92 63
13633586 23 28 106 70 22
13770222 50
14701789 67 43 27 52 72 98 23 80 17 23
14724936 3 43 67 52 50 39 23 61
14116622 52 113 67 89 116 1 80 39 2 1
14703915 6 70 101 83 82 117 74 28
13977440 44 19 92
15558724 73 6 28 82
14707651 117 73 101 28 70
14692061 52 111 67 43 72 116
14147499 1 51 91 89 1 30 104 1 1 1 14
14722947 30 126 91 94 1 51 126 94
14443912 70 56 117
14097523 52 27 67 43 98 72 23 23 3 124 39 63
14712874 52 111 67 72 68 43
15558683 101 117
14718942 67 43 80 52 72 98
15539962 37
14142963 43 67 52 27 72 98 19 23 23 3 39 92
13950478 82 73 70 101 117 56 6 83 74 28 133
14710312 37 137 26 100 138 38
14738011 50 67 43 52 39 72 23 124 111 92 98
14738004 50 43 67 52 23 27 72 23
14703045 73 6 83 82 97 70 56
15559066 67 43 52
14703043 6 83 101 28 82 73
14712570 52 43 67 80 72 63
14117338 101 7 28
14703040 6 117 73 70 28 97 4 101 82 56
14727039 37 16 48 41
14712476 41 37 26 38 138 143 36 41 43
14498643 112 122 78
13635279 67 3 52 80 50 23 23 61 39 23 112 3
14126030 37 41 26 138 100 137 27
14713212 16 37
15555489 67 50 43 52 72 98
14729821 37 43 41 141 137 100 23
14734341 48 37
14106950 43 52 72 67 19 63 118 23 23 23 39 50 92
13726909 73 62 97
13664929 27 52 67 92 19 80 50 72 60
14692885 36 37 38 138 26
13980711 82 28
14152113 19 52 43 67 80 72 23 3 39 23 71 114
14148272 67 43 52 27 19 72 23 23 39 92 63 1
14710386 6 73 117
15556104 43 37 26 138
14693419 43 50 52 67 72 98
14144468 52 67 50 43 3 72 63 27 23 23 23 124 98
14695979 122 68 10 52 140 67 67 52 72
13618785 68 51 44 72 51 30 120 91 1 80 39 104 112 1 1 14
15557121 43 67 52 39 72 98
14144484 52 27 43 67 98 72 23 23 39 68 23 80 92
13652649 3 63 23 72 68
14771845 52 67 43 50 72 98
14127911 67 27 52 43 98 72 3 72 23 23 112 39 124
13622938 23 60 63 91 19
15558697 43 52 122 67 80 72
14063119 14 1 14 47 8 8 8 8 8 8
14711134 37 36 138 100 26 137 93 41 143 27
14106943 27 67 43 52 19 72 23 23 23 98 39 23 111 92
15500330 52 43 50 67
15555570 52 3 67 43
14740716 67 43 80 52 3 72 23 23 23 124 27 50
14706554 67 52 43 98 23 23 92 27 72 23
13652586 23 47 91 61
14702009 43 67 52 27
14675396 51 124 126 104
13995319 101 6 82
13679088 39 50 3
14702407 27 43 52 67 72 50 23 39 3 23
14696026 43 52 67 50 39 3 23 23 27 72
14702402 67 80 52 43 72 98 23 23 112 3
14730084 67 43 52 50 72 98 92 27 23
14701954 101 6 70 82 117 73 4 74 28 133
13657531 23 80 61 50 19
15561754 67 52 80
14131015 6 70 28 83 82 73 22 56 4 74 97
14117278 52 67 43 98 23 27 72 23 23 124 92 63 1
14675320 43 37 143 41
14764971 67 52 122 43 98 72
15561518 27 52 43 67
14737553 43 52 67 80 72 39 23 112 3
14718893 50 52 43 67 68 72
14713257 37
14698501 43 52 67 72 39 27 23 80 151 63
15523145 63
13641812 22 56 70 106 4
13609404 67 52 27 43 80 72 98 23 23 39 63 92
15522850 27 52 43 67 98 72
15562057 6
14536417 19
14152162 52 72 67 43 61 80 112 130 39 92
13654901 63 3 23 47 72
14535813 8 8 8 8 89 8 8 8
14762454 52 43 27 67 72 3 124 50 23
14066502 3 19
15523787 50 67 52 43 72 98
14114118 6 73 74 117
14150986 101 6 28 74 117 73 82 70 97 4 56 4
13633168 22 70 83 73 4
13980997 22 28 83 74 110 4
14143631 37 48 100 38 41 93 87 26 138
15531556 52 43 50 67 72 68
13635619 27 67 52
14711729 68 52 67 111 92 43 72 98
14719743 61 51 63 151
14672705 30 124 91 126
14679334 67 50 52 43 72 98
14696638 52 43 72 67 27 92 3 80 23
14088971 51 30 91 1 1 126 1 94 14 1 14 104
14708880 67 43 52 50 72 92
13689531 6 101 83 73 28 97 117 74
14049516 101 6 7 82 74 73
14702036 43 52 67 50 98 72 23 23 61 3
13657409 23 92 80 63
15529117 67 52 122 43 98 72
15489956 82
15528421 92 43 67 52 68 72
15528420 52 43 67 80 72 98
13702948 41 43 37 16 100 93 36 26 87 48
14070825 68 39
13657154 39 30 104 1 1 14 8 8 8 8
14705762 70 6 82 133 106 97 101 117 56 74 28
14137457 67 52 43 50 61 72 23 23 23 68 3 92 27
14705596 6 73 101 70 82 117 4 56 28
14044894 26 138 37 48 41 143 36
14071250 14 1 14 94 8 8 8 8 8
14708023 43 27 52 67 72 111 23
14145994 27 52 67 43 72 80 23 23 39 92 122 112
15524778 50 43 52 67 72 61
15536022 52 67 68 43
15536023 68 67 52 43
13977308 52 27 67
14697443 37 41 38 138 26 36 50
14708457 50 52 67 43 72 27 23
14149196 52 43 92 67 39 98 72 23 124 63 1
14110205 72 67 43 52 61 80 124 130 23 23 140 3
15562476 52 67 80 43 98 72
13927061 41 48 100 138 38 26
14106556 51 61 91 104 130 30 2 1 14 1 14 2
14021351 63 61 89
13638399 51 112 91 1 30 1 2 1 1 14 14 1
14152842 52 61 43 67 19 98 72 23 23 39 92 95
14114230 67 50 43 52 111 39 3 72 23 23 140 80
13981210 22 56 97 83 73 82
13981003 62
13981004 73 74 101 28 117 70
13687041 52 67 111 50 92 72 61 27 118
13981411 28 6 82 73 106 22 56 83 70 4 117
13872738 23 98 80 19 68
13656397 23 95 61 91
13974890 63
14672946 52 39 43 67 72 98
15554811 37
14723670 51 67 52 43 2 104 23 1 112 3 1
13626394 52 67
13762801 16
15555810 52 43 67 3 72 27
13655575 122 72 61
15555812 140 67 52 43 72 68
15561906 39 43 67 52 72 50
15561693 52 43 3 72 27
15562080 67 52 39 43 72 98
13760649 101
14713417 37 143 43 41
14063806 3 19
14117870 67 43 52 50 111 72 3 23 23 27 61 124
14117928 1 1 122 36 3 48 10 89 1 14 1
14693098 61 50 36 122 3
14113543 67 98 43 52
14702223 122 67 43 52 72 98 23 23 23 92 63
14694680 122 67 43 52 98 92 23 27 72 23
14698739 37 43 41 138 137 100 26 36 38
14115765 73 6
14107678 37 38 48 93 41 100 137 87 138 26
13977402 48 37 100 93 67 52 38 67 52 41 63 26 122 124 87 61 89 1 3
14495456 1 91 1 14 1 89 14 8 8 8 8
15523282 52 67 67 52
13925553 67 52 27 72 98
14744653 43 52 61 67 72 27
14752754 50 52 43 67 72 39 23 23 27 3
14703356 37
14699062 52 67 72
14712569 30 1 94 91
13980077 53 1 47
14128202 43 67 61 52 52 80 67 72 98 92 140
15532221 51 112 104 151
14725717 82 83 110 6 56 101 70 106 22 74
14146851 52 67 50 72 115 50 3 27 92
13652635 72 68 50 63 19 50
13620798 52 43 39 67 98 72 27 68 19 92
14706640 101 28 82 73 6 43 70 56 83 23
14705385 52 43 67 27 98 72
14131372 37 41 100 38 93 36 138 26 87
15494497 52 67
14710587 37 36 100 138 137 26 143 41 27 43
14088566 67 27 52 43 98 72 23 23 39 3 23 23 124 111
15523273 67 52 50 43 61 72
13734303 22
15560909 43 143 41 37
13740238 101 6 82 70
14129911 52 67 43 3 92 98 72 19 48 23 27
14146235 113 43 67 52 72 116 23 23 23 3 98 92 112 51 104 91
13974396 23 41 87 93 26
15527111 3 43 67 52 68 72
14702138 43 67 27 52 72 39 3 112 23
14706241 73 6 70 74 82 83 97 106 22 4 56
13691978 62 70
14069080 48 26 36 100 87 41
14123848 6 70 83 28 73 22 56 97 74 82
14149325 6 82
13875567 23 61 92 50 19
14673033 43 67 52 50 27 72
13634520 36 100 93 87
13601440 3 61 23 19 72 63 115
13701119 26 37 138 41 93 143
13723539 70 73 83 101 110 56 22 97
15556259 43 50 52 67 92 98
15554709 7 6 82 83
13695537 8 8
14498735 27 19 92 89
13667242 17 51 91 1 1 30 61 52 67 50
14762871 52 67 43 3 111 72
14120944 43 67 61 52 68 72 3 38 80 92
14083371 52 43 50 67 98 72 23 23 39 61 23 122 92
14745282 101 82 28 106 70 6 83 74
14711662 56 101
13659435 23 80 60 19 3
13666511 52 43 98 67 39 23 63 72 23 23 3 124
14745288 52 72 43 67 118 44
14143376 51 112 50 30 124 91 1 14 1 1 14
13623263 39 17 23 27 19
14693006 61 52 43 67 92 95 23 23 39 98 72 27
14495418 37
14714660 43 52 67 61 72 92
13951508 19 63 102
14111418 43 67 52 27 19 72 23 23 39 3 23 111 124
14707780 73 82 101 70 56 6 83 74
14116498 6 73 70 101 117
15526497 67 52 43 39 72 63 98
15526037 43 52 67 50 98 72
14480788 67 52 72 111 19 27 80 112 92
14708192 52 27 43 67 50 72 63 92 23
14082888 41 37 38 26 93 122 61 87
15536216 89
14150786 41 43 37 93 100 27 36 87 23 23 26 138
15541931 50 52 67 43
14742233 51 43 52 67 44 91 23 61 30 23
13638857 73 62 28 83 82 56 4
14115970 73 6 74
14742190 43 27 52 67 98 72 23 23 23 92 50 124
13877925 23 98 61 50 19
14753139 82 106 6 133
13878203 37 138 26 38 41 143
13982408 56 4 74
14123388 56 6 82 101 28 73 22 70 97 117 4
15542216 27
14067155 39 68
13684731 92 72 72 50 27 122 67 52 151 61
14114011 82 97 28 106 6 70 74 133 110 4 117 101
15555626 43 52 92 67 27 72
14722103 100 37 137 38 41 143
14098619 37 78 16 41 38
14050806 6 7 101
14696666 43 67 52 30 91 86 60 51 126 94
13666562 43 52 67 61 91 72 23 1 89 23 23 112 71 114
14106503 50 67 52 115 122 3 89 27
14165325 50 43 67 52 72 98 23 23 92 63
13734761 52 39 67 72 111 27 19 112 92
14767994 3 52 67 43 72 68
14518715 62 4 97
15555194 6 70 7 43 82 83 101
14701788 67 72 43 52 67 98 52 111 92 27 23
13975004 3 92 27 80 124
14713400 52 43 27 67 72 98
14684073 82 110 73
15555581 27 43 52 67 98 72
13676667 52 67 72 55 13
13976757 61 3 50 72 115 63
15525329 52 61 67 43 50 72
14712881 82 106 6 117 70 74
13977750 52 19 67
15559054 67 52 43 80
15555868 67 61 52 43 98 72
14713392 67 50 52 43 72 3
14146167 67 27 52 43 72 98 23 3 61 39 92
14710840 6 117 101 74 56 73 83 82
14563472 28 106 22 83 117
14681344 41 43 37 143
13646958 30 51 91 94 1 94 1 104 1 14 94 140 8
14766446 6 74
14739199 30 51 2 104 1 17 91 2
14737489 52 67 43 61 72 3
14741191 50 43 67 52 72 39 23 98 3 27
13609390 43 67 52 27 72 98 23 92 19 111 124
13602485 19 68 63 92 39 27
14764049 67 52 3 43 27 72
14129135 6 16 62 28 73
13633885 62 56 97 101 73 22
14746756 52 27 43 67 98 72
15539620 72 43 67 52
14721688 52 43 50 67 72 98
13665081 43 52 27 67 92 98 23 72 63 23 23 124 122
14717823 26 138 37 48 38 41 36 143 61
13703328 53 27 61 72
15554683 16 41 37 143
15529515 52 3 67 43 52 67 50
13665088 6 70 82 97 28 73 101 74 117
14701049 43 52 50 67 39 72 23 23 124 3
14699180 16 37 138 26 100 137
13981691 22 5 97
14702398 68 43 52 67
13981288 73 83 82 22 101 4 106 56
13981289 7 82 6 73 56 22 74 83 4 106 70
14101810 67 98 52 50 72 67 52 116 39 3 132 113 139 60
13655926 2 30 1 91 14 113 1 14 132 113 8 8 8 8
14540224 14 1 1 14 10 8 8 8 8
14719020 67 140 52 27 72 43
14132473 52 72 67 43 67 52 92 39 67 52 27 63 98 111
14766428 3 67 52 43 72 116
14719219 67 52 80 43 72 98
14715335 143 41 37 43 3
14741102 61 51 91 104 30 122 1 124
14069365 3 39
14529178 61 118 80 115
14117027 68
14110558 112 94 1 91 1 30 1 60 14 1 14 1
14719409 37 43 41 143
13977720 101 7 82 4
14731003 27 52 67 43 39 92 23 23 72 111 23
13944162 72 68 50 61 19 27
13977725 44 19 92 98
14678718 43 111 52 67
13657459 52 72 67 98 92 23 89 63
14761788 41 43 37 137 138 100 26 36 38
13612955 43 52 67 61 98 72 23 92 19 23 50 23 27
14117412 6 101 117 70 28 82
13659123 3 19 111 90
13659122 23 60 86 71 3 114
15554262 50 43 52 67 72 98
13664039 51 63 91 1 30 1 104 1 112 1 1 128 14 1 14 1
14769959 51 124 104 91
13701333 6 22
13685544 58 93
15556087 138 26 37 43
14097472 67 19 43 52 72 98 23 23 23 3 39 23 124 112
14689065 67 43 52 27 98 72
14673749 43 67 80 52 98 72
13613286 67 52 68 43 72 91 23 61 19 71 114
14721752 52 67 43 50 52 116 67
15524053 30 1 94 126
15558987 52 43 27 67
14712263 43 67 50 52 92 39 23 23 3 72
14693777 52 27 43 67 98 92 23 23 23 72 63
13656431 63 72 23 3 19
14716435 26 37 138 43
14043174 6
14713466 52 67 43 50 98 72
14707183 124 51 104 112
14707180 63 1 10
14156208 43 67 98 52 39 68 72 23 23 3 50 27
13624413 38 23 27 1
15552681 67 52 3
14069105 68 63
14122201 3 50 72 67 52 112
14231481 28 82 56 73 22 83 4 110 4 70
15559932 67 39 52 43 98 72
14707781 6 83
14119763 56 6 117 101 6 7
15525286 43 67 52 50 72
14093502 72 43 52 67 115 92 124 3 23 23 27 51
15561582 3 43 67 52 52 67
14117333 6 70 82 101
14713222 82 73 106 28 101 6 83 70
14077422 52 67 72 43 39 27 112 3 23
13633574 43 28 56 70 23 4
14092863 67 52 72 92 44 43 3 80 23 23 1 39
14142776 52 27 67 72 80 112 126 92 39
13657939 39 63 50 98
14126455 68 67 52 43 72 98
14719264 67 72 43 52 92 50
14378134 70 62 97 106 82 4
14118341 52 43 50 67 39 111 3 72 23 23 112 124
14145779 72 43 52 67 80 19 27 112 98 92
13973053 39 30 50 104 14 1 14 1 8 8 8 140 8
14166521 67 27 43 52 72 68 23 23 23 3 112
14532387 38 87 78
14105021 52 27 67 43 98 72 39 52 67 130 23 23 92 80
15558698 6 82
13758312 67 52 72 92 44 86 122 50
13663064 50 72 67 52 98 92 80 39 60
14136799 27 52 67 43 98 92 50 72 61 140
14707828 52 67 27 43 23 50 3 23
14739085 52 67 43 72 50 39 61 80 3 112
14307829 6 73 74 106 70 97 117 82 56
14120015 106 70 56 73 101 4 22 133 74
14079283 43 52 67 50 98 92 23 27 72 23
15503663 74
14078093 43 52 67 72 27 3 23 63 111
15535695 73
14070216 67 43 52 72 27 72 3 80
14113854 37
13769728 82 101 117 28 106 70 56
14695394 43 52 27 67 72 39 23 111 124 23
15554480 52 3 67 43 72 50
14071944 37 41 43 38 100 23 23 87 138 26 23 36 122
14126124 43 67 52 19 63 72 23 80 98 92 111
14435433 37 93 78 41 38 143 41
15529965 52 67 27 72 43 68
15529964 27 52 43 67 98 72
13635367 3 72 50
14706193 27 52 43 67 98 72 23 23 23 124 63 92
14729714 82 101 106 28 6 70 133 83 74 4 97
14072513 82 28 110 6 101 133 70 97 4 73 74 56
15528160 43 27 52 67 98 72
13632753 101 82 70 6 83
14165811 16 6 82 101 56
14702000 50 43 52 67 92 98 23 72 27 23
14137840 37 26 41 43 48 100 87 61 38
14106948 27 43 52 67 72 50 50 3 23 23 122 92 98
14696028 67 50 43 52 92 39 23 23 27 72 23
13665514 52 43 39 67 92 63 23 80 72 98 111
14096030 3 52 67 43 115 72 23 27 60 39 50
14697133 27 67 52 43
15539771 67 52
13652676 1 63 91 3
13973453 52 67 63
14063266 39 1 47 47
14161864 100 37 41 38 48 36 26 87
14712342 43 67 27 52 72 98 23 23 23 39 124 92
14127967 67 52
14713221 101 82 106 97 70 56 6 83 73
14062824 3 39
14692606 67 80 43 52 3 52 67 72 140 63 27
13702453 8 8
13652593 23 80 72 19 68
14095329 37 16 38 41 48 36 87 26 93
14086208 52 43 67 27 115 72 23 23 50 3 63 39
14715500 43 67 52 39 72 98
13703157 101 82 28 70 6 83 73
13973422 63 92 19
14065544 1 14 1 14 8 8 8 8 8 8 8
15558866 43 67 52 68
15540227 50 52 67 43
14550773 82 28 56 101 73 133
14145916 67 43 27 52 72 98 23 23 39 68 23 80 92
14706581 73 6 117 28 74 133 101 4 56 70 82
14146112 43 52 67 27 72 98 23 23 3 39 23 23 111 124
14712519 43 67 72 52 63 112
13980707 6 28 106 73 70 110 117 82
15539625 52 43 68 67
13728347 52 67 27 72 63 92 38 112 80 151
14761420 43 137 37 100 122 41 143 23
14713202 67 52 43 3 50 72
14704259 16 37 26 100 138 137 93 41
14088947 104 89
14729302 43 27 52 67 72 39 23 23 92 116 63 98
14078839 72 52 43 67 92 50 23 61 151
14696874 36 61 50 26 37 138
14155890 67 98 43 52 72 19 23 23 39 23 27 3
14569462 6 7 73 82 28
15524048 43 67 27 52
14302293 122 50 61 126
13878330 23 89 98 92 39
14708281 52 67 27 92
13929404 151 63
14089897 6 73 28 101 70 106 117 56
14095385 72 43 67 52 115 118 23 23 92 124 23 23 39 122
14114430 6 82 73
14715990 52 67 43 122 72 92 98
14526248 8 8 8 89 8
14748593 61 43 67 52 111 72
14712774 3 67 43 52 98 72
14120607 82 101 28 6 56 7 70 73 83 74 4 97
14117326 70 73 6 82 43 62 74 110 23 23 101 117 133 4 28
14150857 51 94 1 104 126 30 91 1 10 14 1 126 14
14672733 52 67 43 27 72 98
14130848 6 73 82 28 70 22 117 74 133 56 4
14148101 52 43 67 61 19 118 72 39 124 3
14738014 122 51 91 61 30 89 111 124
13972623 82 7 6 28 70
14731046 43 67 50 52 92 72 23 39 23 98 124
15542345 43 68 67 52
14715993 43 67 50 52 72 98
14160096 106 4
14553828 48 37 93 26 78 41 87 38
14715477 67 61 52 43 3 72
15532469 30 51 1 91
13620512 43 27 67 52 72 98 61 3 72 98 50 72
14093767 27 52 67 43 98 19 72 23 23 39 61 3
13740685 6 28 22
14730597 43 52 67 50 92 39 23 23 27 72 23
15523878 1 51 126 104
13657414 61 98 19 90
14766469 82 101
15555873 37 41 143 43
14736936 52 43 67 80 72 68 39 23 23 124 61 92
15528686 72 43 52 67
14077030 67 52 43 92
15562400 37 143 41
15556696 50 43 67 52 27 72
14693852 27 52 67 43 98 72 23 23 39 92 124
14693760 52 43 67 72 39 68 43 38
14693847 50 52 43 67 98 72 23 17 27 23
14011166 63 52 67 68 115
15557465 16 138 43 26 37
14700899 43 67 80 52 72 39 3 112 23
14722090 43 39 67 52 98 72
13646463 43 67 52 50 72 61 23 63 19 23 3 27
15525234 27 52 67 43 50 72
14536100 8 53 8 10 8 8 10 8 8 8 8
14697397 52 43 122 67 98 92 27 72 23
14536103 8 86 8 10 8 8 8 8
14755678 43 52 50 67 98 72 23 3 23 27 63 124
14693548 37 16
15559200 73 70 117 6 56 74 82 28
14711435 43 52 67 3 27 72 80 61 151 111
15527050 52 72 67 43
13633020 6
15561577 67 52 72 116
15535592 52 50 43 67
14117093 6 73 101 117
14092360 51 67 52 43 61 50 130 80 23 23 1 3
14084184 52 43 72 67 95 39 72 92 23
14707712 43 52 67 27 140 72 23
15554473 50 67 43 52 61 72
15555343 146 111 120 149
13709144 8 8
14093546 43 26 37
14756599 52 61 67 43 92 98 23 23 72 63 124 27
14122806 37 48 93 26 38 41 36 87
15556025 3 52 67 43 27 72
13952071 73 97 110 22 4
14440698 6 74
13768092 16 37 138 48 26
14678639 52 67 50 43 98 72
14165320 67 27 43 52 98 72 23 23 92 63
14138298 50 43 52 67 98 72 3 61 23 23 27 92
14673736 67 80 52 43 50 72
14124899 70 7 6 83 97 82 73 110 56 4 62
14744953 50 52 67 43 98 72
14696795 67 27 43 52 92 72 23 39 23 124 98
14731353 67 27 52 43 72 92 23 111 98
14722718 112 30 94 91 1 51 126 94
14724962 52 67 72 3 112
14114347 6 74
13640907 23 87 26 23 27 41
14707176 52 67 72
13952279 17 39 63 50
13646421 67 3 52 43 92 98 23 72 63 23 23 124 27
14147913 6
13695208 61 89 27
14731056 82 28 6 101 133 74 97 117 70 83 4
13977360 67 52 19
15559705 43 67 39 52 72 98
13977362 72 19
14748597 52 67 39 43 72 27 98
14708088 37 36 138 26 38 41 93 143
15555583 52 3 67 43 68 72
13950819 56 82 22 101 28 73 117 74
14367773 16
14704920 43 27 52 67 23 23 72 111 23
14129200 16 37 93 26 36 41 100 87 48
14730053 67 52 27 43 92 39 23 80 23 98 72 68
13673358 8 8 8 8 10 8 8
14161343 43 52 67 98 19 72 23 23 23 124 122 39 3
14088579 52 43 67 27 72 98 23 23 39 3 111 124
14727183 52 43 27 67 98 72 23 23 124 92 50
14734318 43 52 67 27 72 98 23 124 92
15526800 111 43 52 67 98 72
14111306 61 30 91 1 52 67 51 1 104 47 30 2 1
13872555 1 51 94 104 1 14 14 1 8 8 8 8
14081775 37 26 138 23 43 143 36 41
14113592 52 43 98 67 52 50 67 72 92 23 23 23 144 116 147
14699059 36 37 38 48
14729882 28 106 101 70 117 56
13974224 62 56
14767162 39 43 52 67 44 72
15526073 43 52 67 50 98 72
13974223 50 3 92
14675440 37 41 43 143
15525287 50 52 43 67 61 72
14748602 43 52 50 67 67 27 52
14678655 52 67
14673748 43 50 67 52 72 111
14151021 43 52 3 67 19 98 23 23 50 3 23 23 112 124
14151022 67 43 52 50 72 98 27 3 63 61
14702040 27 67 43 52 98 92 80 72 23
14150825 23 67 3 43 52 72 98 23 115 61 23 1 124
14121052 67 52 72 3 112
14715391 52 67 43 72 27 112
14021896 41 37 43 38 138 26 36 50
15560379 43 67 39 52 98 72
13656009 51 1 47 104 47 14 14 1 8 8 10 8 8
14156129 98 43 67 52 72 68 23 23 50 27 39 92
15559204 37
13637880 37 48 87 26 41 50 100
14154875 43 52 72 67 92 98 23 23 23 63 39 23 112 124
13641285 56 97 28 70 101 82 106 4 22 117
15561373 106 28
14752748 6 28 97 73 133 56
14730601 43 3 52 67 98 72 39 23 23 124 111 27
15555202 27 146 120 149 68
14144345 30 39 146 151 91
14696975 80 67 52 43 92 72 23 1 39 23
15555338 146 120 68 149
14094662 16 6 82 101 73 74 4 110 70 133
14145819 67 52 43 27 72 98 23 23 92 39 112 124
14703184 117 6 73 70 74 106 101 4 82 133
15532911 67 52 27 43
15486824 52 67
14714713 1 51 126 104
13716448 101 133 73
14713478 98 43 27 52 67 50 72 23
14723084 27 52 43 67 72 98 17 39 23
13652060 52 67 50 43 92 39 23 23 23 98 72 27
14741174 43 37 41 137 100 141 38 26 138 23
14689062 43 52 27 67 98 72
13951519 72 63 86 61 112
14710686 6 82 106 101 70
14126017 41 37 93 26 43 36 48 23 23 23 93 87 38
14147670 52 68 67 72 80 112 3 39 139
13978256 19 3 61
15539740 43
14728129 122 80 48 61 36 89
14766483 52 39 67 43 72 98
14072151 50 3
13867261 82 6 28
14697561 37 41 43 138 100 137 26 36 38 23
14130356 43 67 72 52 92 80 98 39 118 63
14129339 82 97 83 73 110 28 70 74 106
13979918 68 39
14117283 43 52 67 98 67 52 27
14154385 93 16 37 43 41 48
15558849 6 82
14734638 51 112 104 2 10 1 39 91
14770205 67 52 43 50 98 72
14745233 52 67 80 43 72 61
14691168 111 67 43 52 72 27
14118224 67 43 52 50 80 113 3 132 23 23 72 151
14143663 27 67 52 43 72 98 23 23 23 68 39 23 92 124
14725729 26 37 41 100 137 93
14118221 6 70
14706557 117 73 101 28 70 82 6 133
13647669 52 43 3 67 92 98 72 68 23 23 23 50 27
14150548 37 48 100 38 41 93 87 138 26
15526536 52 3 67 43 72 144 147
13648262 51 63 91 1 30 1 1 52 67 43 30 1 104 1 1
14721647 70 82 106 97 73 6 133 28
14711378 52 43 50 67 92 72
14710750 6 82 97 106 101 117 56 74
15527797 43 27 67 52 72 98
14737543 67 61 43 52 39 72 23 124 63
14701792 43 67 50 52 3 72 51 61 23
15527061 52 67 43 61 111 72
14705051 70 82
14740734 51 1 104 1
14701380 52 67 43 27 98 72
14145716 52 67 30 80 112 72 43 44 39 3 1
14701712 52 67 72 43 3 68 80 112 92
14674326 52 67 50 43 92 72
14144207 50 52 43 67 92 95 23 3 39 23
14721546 61 51 91 1
14717698 50 43 67 52 98 72
14762866 43 52 67 50 98 72
14770263 67 52 43 61 92 72
15559254 101 73 82
14122214 37 100 41 48 36 93 87 138 26
14078800 43 67 52 3 39 50 23 112 23 72 124 63
14690048 72 43 52 67 27 111 23
15555113 101 7 6 82 83
14096364 43 67 52 72 50 98 23 23 23 92 39 23 140 112
14071033 68 39
14753150 67 52 27 43 72 43 92 23 61 39 23
14126993 6 70 83 82 28 56 73 74 110 4 106
14672888 50 52 43 67 72 92
13878300 39 63 80 98
14712795 52 50 43 67 92 72
14139158 52 72 43 67 98 116 23 23 3 80 23 23 92 111
13832567 56 83 73 70 28 4 117 82
14536384 61 8 8 89 8 8 8 10 8 10
14264127 82 6 101
13618278 67 52 39 43 98 92 111 68 67 52 23 23 23 72 27
14066643 68 39
14124550 6 7 70 83
14088918 43 52 50 67 98 72 23 23 23 3 39 23 124 111
13980759 56 22 74 4
13980758 30 47 47 14 1 1 14 8 8
13974986 7 6 28 41 56 74 117 82 4 70
14065466 1 14 1 14 10 1 8 8 8 8
13981291 73 22 83 28 4
14092522 27 67 52 43
15523990 52 43 67 92 27 72
14075468 67 92 43 52 52 68 67 72 140 23
14118330 62 70
14715998 43 143 37 41 3
13636611 22 56
14702882 73 6 28 74 101 117 56 70
15524975 39 67 43 52 27 72
14703367 6 82 97 73 56
14761423 36 122 138 61 26 140 89 50
13685321 70 82
15555848 37 143 41 43 3
14697185 37 43 41 100 137 26 138 23 27
14091919 67 27 52 43 98 72 23 23 23 92 39 23 111 124
14159588 43 98 67 52 72 68 23 23 3 27 39 60
14710077 7 6 82 70
14750236 50 67 43 52 27 72
14689591 82 6 70
14766182 82 101 70 6 28 73
14146100 43 52 67 27 72 98 23 23 3 39 23 23 111 124
15485684 70
14146104 52 27 43 67 98 72 23 23 23 39 3 23 1 124
15523396 52 67 43 39 98 72
13600803 67 52 92
14767426 80 67 52 43 72 63
14110265 61 51 91 1 130 52 67 1 104 30 1 1 14
14110264 78 37 16 38 41 48 36 87 26
14170459 67 52 43 51 94 91 1 30 94
13689976 8 8 8
14748679 43 72 67 52 27 124
14696852 61 37
14705113 43 52 67 50 72 23
14716354 67 43 52 27 52 67 72
13950694 23 80 89 72 39
13711411 68 80 3 115
14085932 67 52 27 43 98 72 50 92 23 23 124 39
13639513 23 87 26 41
13669047 43 48 37 100 38 36 27 23 87 23 143 41
13978899 16 143 41 37
14154378 6 74 117 70
14727719 16 15 34
14145748 67 52 27 43 98 72 23 92 130 23 23 50 61
13740267 72 52 67 68 50 80 3 61 89 27
13655357 3 19 23 68 61
14144786 7 6 83 82 70 56 101 73 28 4 22
13767325 56 101
13951848 36 100 87
14541919 8 94 8 8 8 8 8 8 8 8
13876448 23 80 72 19 3
14696654 36 50 61 140 122 72
15559386 6 101 70 82
14675206 72 67 43 52 3 124
14119756 6
14124090 6 82
13994362 52 67 3
13667795 122 67 43 52 98 72 23 23 3 27
13663694 67 80 52 43 43 27 72
15560139 43 80 52 67 147 144 72
15560137 52 50 67 43 92 72
14153358 6 56 101 70 82 28
14709636 38 37 41 143 43
15559540 52 67 43 72 3 80
13634774 58 48 87 100
14126444 52 67 43 63 92 95 61 1 89
14713481 52 67 43 80 92 72
14725101 67 43 52 3 72 115 23 111 124 23
14699398 78 37 43 16 138 26 38 48 93 143 41
14100877 43 52 67 27 72 19 23 3 61 23 23 124 111
13703422 27 53 72
13981057 5 22 106
13667435 43 19 52 67 72 98 23 92 63 23 23 23 122 124
14091739 43 3 52 67 27 72
14101435 27 52 67 43 72 19 23 23 92 39 3 90
15554570 43 67 50 52
14771684 52 50 43 67 72 92
14759909 43 50 67 52 39 92 23 23 23 72 63
13976252 73 62
14755172 1 51 68 91 124 30 104 50
14426493 101 6 28 82 117 70 133 74 97 106 4
13754541 72 63 80
14704018 37 16 38 41 93 143
14699290 43 41 37 100 138 137 26 36 38
14707440 7 82
15560964 67 27 52
14094590 3 43 52 67 72 80 23 23 63 39 1 60
15560742 6 74
13945599 27 53 3 112
14699005 80 43 67 52 72 98 23 124 92
15523142 43 67 52 80 72 27
15535167 70 74 28
14699399 48 41 37 36 26 137 138 100 27
13656208 63 1 91
13623027 63 19 23 50 68
14128449 70 6 97 82 28 73 22 56 74 117 4
13696470 16
15555815 43 67 52 72 116 63
14673664 52 50 43 67 72 98
14749477 67 43 52 3 72 80
14155307 67 52 27 43 72 98 23 92 39 23 122 1
14725102 30 126 91 1
14749474 27 52 43 67
13662634 43 67 52 17 72 98 27 19 23 23 23 92 50
14692005 37 138 26 122 143 41 43 23
13665689 39 51 63 91 30 104 1 130 1 1 14 14 1
14718208 43 67 52 80
14143788 6 82 101 70 117 56
14117916 52 67 43 98 39 27 72 23 3 124 112
14692619 6 56 70 73 82 28 22 83 101
13880388 140 17
14116850 6 7
15526540 67 3 52 43 72 98
14699065 72 52 67
14766558 67 122 52 43 27 72
14066358 68 52 67
14707217 6 82 106 117 70
15559084 143 41 37
14713458 28 82 97 106 73 117 133 70
13633698 70 83 110 117 56 106
13644474 17 52 43 67 50 72 61 1 23 23 23 92 80
13729080 52 67 19 3 39 72 118
14719557 43 52 67 80 63 72
14118326 101 28 6
15526053 67 43 52 50 80 72
14770503 52 43 67 3 50 67 52
15539792 52 98 43 67
14693416 43 41 37 38 138 26 36 93 23
14495120 68 1
14228196 37 38
14086265 72 52 43 67 98 50 23 23 3 39 23 23 112 124
15526863 52 39 43 67 98 72
14128907 16 82 97 6 28 110 73 70 83 74 117 106
13652682 23 80 95 92 19
14540886 87 100
13664454 68 43 67 52 72 91 1 113 89 1 51 30 39 104 112 14 1
14079462 67 52 98 43 72 50 39 3 23 23 23 124 27
14674599 52 44 67 72 98
14148182 37 48 100 93 41 78 100 87
14121728 82 28 110 117 73 6
14715336 52 39 67 43 72 118
14092279 41 43 37 100 38 23 23 87 122 36
14702691 43 67 3 52 72 27 111 23
14682384 52 67 27 43 92 72 98
13667845 122 43 52 67 72 98 23 23 27 3
14514447 28 22 70 83 56 73
14673179 43 52 50 67 98 72
13655270 23 72 80 68 19
15559478 73 6 82 56
14123718 7 6 82 106 22 73 117 28 56 74 70 4
14114426 37 48 26 93
14696866 27 67 52 43 50 72 3 111 23
13980472 7 6 82 74
15523764 52 67 43 3 50 72
15559971 67 27 52 43 98 72
14148350 72 67 52 80 1 112 3 63 39
14146287 6 7 117 83 28 106 22 56 101 74 110 4
14151208 43 3 67 52 44 72 122 126 23 23 61 51
14765904 6 82 101
14082641 52 43 67 27 19 72 23 23 39 3 98 1
14070447 68 63
14704464 37 16 137 138 100 26 38 48 41 93 143
13752975 8 8
13646404 72 67 43 52 92 98 50 61 63 116
13605295 43 52 27 67 72 98 23 19 92 23 3 50
13740043 62 101 83 110 73 70 56 4
13759312 8 8
14127585 67 52 98 43 47 72 68 23 39 23 27 3
14093770 52 43 27 67 98 72 23 23 3 39 23 23 111 124
14764010 67 3 52 43 27 98
14738009 51 132 113 104 139 30 52 67 91
14730611 50 43 52 67 72 39 23 23 92 124
13665016 43 52 67 3 72 98 23 63 44 19 39
15519964 52 67
13975787 23 44
13742596 67 52 72
14721750 52 27 67 98 43 72
14693702 43 50 52 67 92 39 23 111 72 23
15558717 37
14764691 52 43 39 67 3 72
15558671 101 6 82 133
14078142 28 106 110 73 6 82 70 117 56 4
15562470 43 52 67 50 72 27
14120462 43 52 27 67 72 98 111 39 130 92
14681360 52 50 67 43 92 72
14692530 43 67 72 52 92 27 23 151 50
15527912 52 67 27 43 72 92
14078383 52 72 43 67 92 98 111 39 23
14102178 43 50 52 67 19 72 23 23 23 98 39 23 111 3
15526211 43 67 52 3 72 68
14728494 43 52 67 80 72 92 23 39 124 23
13992896 67 52 50 68 3
14162468 50 67 52 72 19 3 43 23 23 23 124 51 61
15540293 6
15522584 67 72 52 43
15540295 6 70 82
14151843 52 3 43 67 44 72 23 23 39 86 23 124 51
15556615 27 43 52 67 98 72
14129716 41 37 93 100 26 87 36 78
14151846 72 43 67 52 92 98 27 130 98 39 112
13878356 68 19 111 72
14208864 6 101 70 82
14110557 43 67 27 52 72 98 3 124 23 23 112 122
14124421 7 16 6 82 73 28 70 22 74 117 106 56 4
14719635 37 41 143
14699189 80 67 52 43 3 39 92 72 67 27 52
14712821 73 101 110
14701839 52 67 27 43 72 98 23 23 39 92 124
13636886 3 39 63 112
13615231 2 51 30 104 91 10 94 1 1 118 10 1 14 14 86 10 14 1 14 1
14752705 43 37 41 100 137 138 26 23 27 50
13981538 22 73 83 97
14699187 43 37 41 26 100 138 137 23 36 50
14540227 1 14 14 1 8 8 8 8
13636234 63 19 23 44 68
14088921 68 30
14094255 67 52 43 68 19 72 23 23 98 39 92 60
14678728 37 143 41
14695195 67 50 43 52 72 98 23 111 39 92 124
13636231 23 80 61 39 19
13636720 70 83 28 56 62 4 22 101 97 73
13632967 22 28 74 97 82 73 70
13632968 70 74 110 101 117 56 4
14710764 70 6 82 83 4
14697247 43 50 52 67 72 68 3 39 23
13739300 143 41 37
14731007 43 27 67 52 92 39 23 23 23 80 72 98
14078030 43 52 67 72 27 92 23 61 50
14109299 43 27 52 67 98 72 3 124 23 23 80 122
14542378 37 38 122 48
14109359 43 61 52 67 72 19 23 23 23 39 3 23 112 124
14737652 52 67 3 43 98 72 23 23 23 50 111
14703236 6 82 73 28
14417443 73 70
15561960 52 67 39 43 72 80 50
13950867 19 3 23 68 61
14742246 30 80 91 39 51 112 104
13654895 27 63 23 111 68
13641055 72 61 3 80 118
13704625 41
14715959 43 67 80 52 72 50
13950869 41 17 87 23
14072948 82 6 101 70 74 97 106 117 56 28 4
13981256 62
15508140 82
14707240 6 101 74 70 117 73 28 56
14708866 82 101 110 106 6 70 56 83 133 28
14704504 27 67 52 43 111 72
13656104 23 63 92 68 19
14736176 50 43 67 52 72 98 23 122 3 23
14759942 43 37 41 100 141 137 23 23 23
13640335 43 37 41 87 93 61
14390162 16
13652158 47 30 104 86 51 94 1 91 14 1 1 14 1 8 94 8
14100496 67 50 43 52 72 98 23 23 92 39 3 23 23 124
14689790 43 38 37 143 27 41
13637521 63 3 98 72 68 113
13732920 82 101 106 110 56 6 70 74 28
14065858 6 117 56 73 43 82 83
14127307 43 15 16 48 37 93 26 41 78 137 87 100
14730995 67 43 80 52 72 39 112 60 3 71 151
13878172 67 52 72 19 80
14132076 52 39 43 67 98 92 50 72 23 23 23 67 3 27 52
14138763 43 37 41 100 38 23 92 87 23 36
13876472 23 63 98 68 50
15508402 82 56
14159851 101 6 82 43 73 56 70 22 74 117 83
14708817 82 101
14132487 52 67 50 43 61 72 23 23 23 3 95 23 23 51 122
15555012 6 82
14091691 73 101 28 110 106 117 74 4
14759579 67 43 52 122 72 39 23 112 111 92 124
14160100 22 70 74
14560404 70 82 101
13665247 72 52 67 39 27 43 50 23 23 61 3 63
13951700 30
13673296 8 10 8 10 8 8
14071829 63
14706703 82 28 6 56 133
14673275 43 67 52 111 72 3
14097809 67 43 52 68 72 19 23 23 39 98 92 1
13656173 23 86 61 60 3
14287766 70 6 73 56 73 28 83 82
13656294 39 44 23 61 3
14702708 37 16 137 100 138 26 48 93 143 41 27
14113691 101 6 74 106 117 73 28 97 4
14065295 30 53 1 14
14749426 27 52 43 67 63 72
14143350 37
13748738 8 8
14694769 52 43 67 72 27 3 23 50 124 61
14739589 52 43 67 61
14171086 1 1 36 112 48 89 89 1 151 14
15540124 70 6 82 83
14703054 112 39 151
14699058 67 43 52 72 92 98 17 52 67 23
14097579 67 27 52 43 50 72 3 61 23 23 39 92
14097578 27 52 67 43 72 50 3 61 23 23 23 39 124
14320646 16 26 93 109 41 36 100 38
14095379 67 72 52 43 118 92 80 23 23 122 124 44
14703053 37
14115608 7 73 6 74 82 101 117 97 106 133 70
15523002 50 67 43 52 72 92
14673604 52 43 50 67 72 98
14147669 52 67 43 27 72 98 23 23 3 39 112 124
14704021 52 67 43 50 39 72 23 23 3 147 124 144
14759937 52 27 43 67 72 39 112 3 23
13709353 8
14739603 43 67 52 80 68 72 38 3 39 23
13617985 67 52 3 43 72 63 23 19 50 27 124
13878383 23 89 63 92 39
13756684 7 6 101
13668426 50 52 43 67 72 89
14147107 43 67 27 52 98 72 23 23 50 3 23 23 124 112
15556810 117 6 56 7 83 43 74 82
15552509 27 43 67 52
14148106 41 43 37 100 61 23 23 23 138 87 26 78 38 48
13676460 111 19 112 27
13636904 62 56 74 97 73 22
14519413 6 83 82 106 28 117 56 73 74
13686515 28 82 74
14094871 78 37 16 38 41 36 48 26 87
14047415 23 60 80
14706629 101 6 70 28 97 106 117 73 74 82
14073872 52 43 50 67 3 72 95 23 23 124 144 80 147
14114374 28 56 6 82 16 73 106 110 22 70 4 117
14719538 67 52 43 72 61 63 124
14739586 43 67 122 52 72 92
14712701 52 67 27 43 72 98
14070560 63
14126617 6 70 82 28 110 73 56 22 97 117 4
14741211 116
