10055
11676
11812
11940
11953
11981
12023
13390
13841
13868
14546
14556
14557
15015
15019
15154
15164
15179
15189
15212
15224
15333
16500
16606
16727
16728
16896
17094
20001
20018
20038
20039
20096
20102
20127
20137
20138
20140
20143
20149
20157
20163
20166
20169
20187
20194
20195
20201
20230
20232
20241
20265
20266
20267
20270
20274
20277
20279
20280
20285
20286
20294
20295
20299
20300
20302
20304
20329
20334
20340
20348
20355
20378
20624
20625
20639
20641
20643
20646
20647
20650
20652
20675
20685
20688
20701
20702
20707
20725
20730
20735
20741
20789
20827
30043
30051
30117
30124
30258
30315
30343
30352
30353
30356
30436
30457
30545
30772
30778
30781
30806
30852
30893
31564
32342
32347
32376
32463
32596
32597
32599
32603
32606
32607
32638
32697
32885
32896
32898
32920
32941
32942
32945
32974
32980
33012
33019
33042
33043
33100
33340
33420
33421
33426
33474
33495
33516
33518
33610
33648
33697
33752
33776
33782
33783
33784
33828
33830
34061
34086
34118
34227
34230
34231
34238
34297
34306
34320
34322
34323
34352
34428
34431
34472
34777
35099
35110
35142
35145
35146
35306
35314
35316
35361
35365
35367
35369
35371
35375
35533
35553
35564
35664
35703
35719
35720
35723
35732
35734
35735
35736
35752
35753
35785
35863
35872
35883
35947
36004
36050
36051
36053
36055
36057
36059
36061
36064
36187
36200
36270
36328
36329
36332
36336
36337
36339
36342
36343
36352
36354
36365
36372
36373
36374
36375
36394
36408
36409
36416
36500
36515
36519
36582
36602
36609
36616
36618
36619
36627
36628
36638
36640
36641
36645
36672
36682
36705
36723
36733
36739
36783
36793
36808
36845
36846
36860
36917
36925
36930
36961
37042
37043
37206
37208
37218
37246
40002
40003
40004
40008
40009
40011
40014
40017
40018
40020
40025
40028
40030
40035
40036
40040
40041
40043
40052
40053
40055
40056
40057
40059
40060
40061
40063
40064
40068
40072
40073
40074
40075
40078
40079
40081
40083
40084
40085
40087
40089
40090
40091
40093
40094
40095
40096
40097
40102
40103
40104
40105
40107
40108
40109
40111
40112
40115
40116
40117
40122
40125
40127
40130
40131
40132
40133
40135
40136
40137
40138
40139
40140
40143
40144
40145
40147
40148
40153
40157
40158
40161
40162
40164
40166
40167
40168
40169
40175
40179
40182
40185
40186
40187
40188
40191
40195
40199
40201
40202
40204
40223
40233
40236
40240
40246
40253
40259
40260
40261
40264
40266
40267
40268
40269
40270
40271
40272
40273
40275
40276
40279
40281
40290
40293
40297
40298
40300
40301
40304
40306
40307
40309
40316
40325
40326
40333
40335
40339
40348
40361
40366
40367
40375
40376
40382
40383
40402
40405
40417
40420
40426
40431
40432
40435
40437
40439
40440
40444
40445
40446
40449
40468
40479
40480
40492
40493
40498
40502
40505
40512
40514
40515
40525
40527
40529
40535
40544
40545
40546
40556
40561
40563
40584
40607
40619
40641
40687
40689
40696
40706
40709
40714
40715
40718
40726
40739
40746
40747
40749
40751
40752
40754
40755
40756
40761
40769
40771
40773
40778
40780
40783
40785
40786
40789
40790
40792
40794
40795
40797
40800
40801
40803
40805
40806
40807
40809
40815
40816
40824
40828
40831
40836
40839
40844
40845
40846
40848
40851
40852
40854
40855
40857
40867
40877
40880
40882
40886
40888
40890
40891
40892
40893
40894
40896
40898
40914
40921
40922
40924
40926
40931
40933
40936
40938
40940
40941
40949
40957
40965
40969
40971
40974
40977
40979
40984
40990
40996
41005
41007
41012
41022
41023
41057
41073
41139
51689
51818
60001
60006
60007
60021
60024
60025
60026
60027
60028
60030
60031
60032
60035
60044
60045
60046
60047
60049
60050
60051
60055
60057
60058
60060
60066
60069
60070
60075
60076
60077
60078
60079
60080
60082
60083
60084
60086
60087
60088
60090
60091
60094
60095
60096
60097
60099
60100
60101
60102
60103
60107
60108
60109
60111
60112
60113
60117
60118
60121
60122
60123
60124
60126
60127
60129
60130
60154
60155
60156
60159
60162
60164
60171
60172
60183
60184
60199
60200
60201
60207
60233
60244
60247
60263
60280
60298
60333
60334
60357
60358
60365
60371
60372
60379
60381
60384
60403
60405
60419
60429
60459
60495
60501
60578
60579
60580
60582
60583
60588
60591
60592
60596
60598
60599
60600
60604
60606
60608
60612
60617
60618
60625
60628
60629
60631
60635
60639
60645
60650
60670
60674
60689
60697
60704
60708
60734
60741
60747
60796
60830
70481
70483
91023
91131
